300 297 319 162 258 296
139 468 299 164 0 0
73 448 300 164 324 446
59 414 302 166 340 399
79 407 0 0 354 374
72 388 0 0 341 365
64 326 0 0 334 385
55 302 306 163 316 395
139 263 308 163 306 409
145 307 310 164 308 426
145 339 312 163 307 432
145 325 313 163 300 425
162 286 313 163 301 412
189 235 313 165 315 395
37 250 317 161 351 386
35 243 0 0 374 352
32 240 317 162 409 356
30 243 318 162 440 343
27 264 319 163 482 267
28 268 321 164 501 347
30 271 324 164 491 414
34 261 326 163 490 426
35 247 326 163 491 425
57 358 327 163 491 424
0 0 328 164 494 423
47 254 326 162 517 420
41 251 324 163 523 416
42 256 325 164 530 415
39 255 325 164 522 450
41 255 324 164 0 0
