300 301 316 165 0 0
230 458 304 163 0 0
156 421 306 164 263 465
144 389 308 165 269 460
135 371 308 164 317 462
128 380 309 164 321 463
117 399 308 163 338 461
110 420 308 164 346 460
100 429 310 165 335 469
100 426 310 164 0 0
114 413 311 164 0 0
138 396 310 164 271 455
215 357 310 163 298 441
270 285 313 165 310 408
62 449 0 0 354 391
50 462 313 164 399 338
17 385 315 163 476 298
37 378 315 164 500 354
58 406 316 163 497 429
57 407 317 163 490 451
62 408 319 162 537 447
102 442 318 164 531 450
41 381 320 162 491 454
26 362 321 162 502 453
0 0 321 163 519 448
0 0 319 164 532 458
0 0 319 164 545 414
0 0 320 164 532 428
36 378 319 163 524 426
31 387 319 163 508 418
