31 409 312 163 0 0
178 445 317 165 265 464
167 392 318 169 281 449
237 322 316 167 308 444
214 295 319 166 310 443
146 314 319 166 313 445
143 341 317 165 314 448
146 360 317 167 311 452
146 369 317 165 264 461
123 364 319 168 258 465
146 367 317 168 0 0
156 353 319 167 265 462
174 327 319 167 291 426
60 339 317 167 318 404
57 312 0 0 355 386
63 310 320 168 395 338
55 326 319 169 479 313
64 352 322 172 500 377
64 345 322 171 515 412
73 340 325 169 505 423
80 331 326 170 517 417
42 329 327 170 507 422
36 340 325 169 508 422
39 327 324 168 512 418
38 330 327 170 516 415
79 298 326 170 515 408
80 436 326 170 503 398
59 428 325 171 494 399
58 433 324 172 478 400
54 439 323 172 479 418
