294 319 333 182 276 195
282 206 320 177 0 0
277 199 316 179 0 0
265 116 309 178 0 0
291 348 301 177 259 345
74 460 304 176 0 0
67 420 311 175 272 452
163 355 317 175 278 438
243 316 322 177 272 437
226 320 326 175 267 447
149 346 329 173 257 463
97 386 332 175 336 164
66 390 333 175 328 172
59 395 336 178 0 0
78 404 338 176 0 0
112 406 340 176 260 163
168 370 342 176 271 448
237 277 341 177 307 425
61 297 343 171 343 364
47 283 336 174 415 347
50 284 336 176 473 341
44 288 335 175 523 367
47 404 335 175 542 423
54 417 336 177 0 0
56 411 338 177 0 0
56 409 340 176 0 0
53 412 343 179 0 0
41 304 346 176 0 0
40 300 345 174 0 0
40 294 344 176 0 0
