17 425 332 167 0 0
190 458 324 168 262 462
178 414 325 169 316 448
229 332 324 166 318 436
178 303 326 165 314 435
180 327 326 165 314 443
140 382 327 165 313 449
134 401 328 165 279 459
142 400 328 163 291 455
164 387 330 165 269 446
189 363 328 165 291 431
261 317 330 164 319 408
65 322 333 167 350 389
68 315 332 165 397 367
74 314 332 166 445 299
72 314 330 167 500 335
72 319 330 168 505 427
72 325 331 169 487 458
70 327 331 165 490 458
109 307 332 168 492 458
110 304 332 168 497 457
32 318 331 167 507 456
29 321 330 166 515 452
35 326 329 167 528 442
71 437 328 167 529 428
69 448 328 167 516 427
90 446 327 167 506 425
98 456 326 166 466 461
304 295 326 166 0 0
303 293 326 168 0 0
