271 148 301 138 269 144
287 147 294 138 0 0
281 151 292 137 285 153
269 140 292 136 332 453
282 153 292 134 350 375
275 152 287 132 368 332
273 149 287 132 387 319
279 142 290 127 392 331
281 141 292 128 378 339
283 133 296 124 341 328
281 128 302 123 317 340
285 123 308 122 295 309
286 122 310 122 293 300
283 121 314 131 292 285
293 322 313 133 296 292
292 325 313 131 298 294
293 322 314 134 297 297
292 319 312 131 296 293
294 318 312 133 290 288
295 312 313 130 286 272
298 307 311 133 287 256
300 303 313 134 293 169
299 302 311 129 308 129
303 290 314 131 272 275
301 290 313 132 302 109
298 288 313 131 0 0
296 284 314 132 0 0
295 282 313 132 0 0
294 285 313 132 0 0
304 288 313 126 272 286
