270 148 304 147 262 167
14 457 299 143 517 452
22 446 303 145 450 435
45 427 303 144 437 392
138 414 305 141 419 355
141 404 306 138 386 340
156 414 307 137 350 360
179 426 305 138 334 405
190 437 303 138 339 421
186 439 299 142 344 428
190 439 299 145 345 434
220 440 296 146 343 439
254 438 298 146 342 441
254 440 300 145 343 441
246 442 301 144 341 441
242 449 301 144 309 418
243 456 299 144 431 434
239 455 301 144 433 437
268 463 300 146 402 418
265 451 298 144 381 414
278 442 299 145 394 411
224 438 299 143 384 430
198 444 299 144 464 424
248 444 299 144 413 448
255 461 299 141 451 459
292 312 298 144 0 0
285 307 297 142 0 0
283 305 301 141 0 0
282 305 301 140 0 0
281 305 302 138 0 0
