276 148 316 144 273 141
0 0 312 145 250 151
0 0 310 137 273 127
233 471 308 136 287 132
231 415 308 136 285 138
212 346 305 134 254 284
195 284 301 130 258 260
172 278 303 125 255 281
186 281 300 122 254 280
199 271 299 122 253 280
203 278 294 122 260 122
208 299 289 120 0 0
208 309 283 131 0 0
216 293 276 136 250 179
220 356 267 141 0 0
228 290 266 150 0 0
219 175 262 148 255 290
222 169 265 144 253 290
220 171 0 0 253 289
213 156 260 145 251 283
0 0 258 148 252 279
0 0 257 147 250 285
220 294 0 0 0 0
245 323 265 136 0 0
240 336 260 134 0 0
214 370 266 129 0 0
203 379 267 130 0 0
197 377 269 127 0 0
174 367 272 125 0 0
177 367 281 128 263 280
