39 370 316 145 538 262
0 0 307 143 508 467
282 305 304 144 526 454
290 311 304 146 514 445
15 455 304 145 472 435
42 450 303 144 425 406
50 435 305 143 422 382
147 430 304 144 404 387
156 436 302 138 365 401
182 440 300 134 345 416
200 446 297 135 351 431
199 451 296 137 363 441
203 452 294 139 362 448
219 453 294 141 358 452
253 453 295 141 358 451
255 452 297 141 360 449
248 450 301 140 354 450
255 450 302 140 348 449
226 452 302 140 335 428
153 442 300 141 340 425
171 447 301 141 339 423
187 449 301 140 352 423
202 451 301 140 354 422
181 453 301 140 356 421
188 451 300 140 349 417
189 451 300 140 357 415
220 451 301 141 358 414
0 0 301 141 370 409
130 441 299 140 395 419
168 453 299 141 388 422
