280 284 308 135 530 217
300 315 307 133 486 455
289 441 309 137 426 423
64 425 309 143 432 368
160 392 310 137 388 322
177 381 309 131 343 362
201 408 304 129 328 383
201 442 301 128 340 414
209 451 298 130 350 433
201 448 294 141 352 433
194 439 291 145 344 428
201 434 289 142 342 424
191 436 290 140 342 424
218 434 290 139 340 425
242 442 289 143 321 395
244 444 289 143 325 391
253 450 291 143 326 388
287 467 294 143 322 391
230 451 299 143 0 0
215 447 300 144 357 469
260 445 301 143 329 465
0 0 299 142 371 439
0 0 300 139 454 455
0 0 296 137 469 468
285 318 294 134 0 0
274 309 291 138 0 0
268 308 290 142 252 289
267 308 289 142 0 0
269 309 291 144 0 0
274 311 291 144 0 0
