270 153 306 137 266 156
278 455 308 135 0 0
258 392 305 134 263 130
225 367 304 134 263 130
192 350 303 131 262 136
180 310 302 129 262 129
172 311 301 127 258 130
158 356 296 126 258 128
175 360 291 122 252 278
195 361 288 123 252 275
201 362 279 124 250 274
205 361 276 125 249 275
213 359 264 137 249 278
210 350 0 0 248 278
246 354 0 0 247 281
250 349 0 0 246 284
289 294 0 0 245 283
285 313 0 0 0 0
293 294 0 0 0 0
295 291 0 0 0 0
298 295 0 0 0 0
299 294 0 0 0 0
299 296 0 0 0 0
132 166 0 0 0 0
305 323 0 0 0 0
241 311 0 0 0 0
170 339 0 0 0 0
225 341 0 0 0 0
223 341 0 0 0 0
203 365 0 0 248 284
