274 146 306 139 270 158
294 131 303 137 0 0
287 149 302 137 0 0
294 138 303 135 284 143
269 129 300 136 281 142
270 140 295 133 282 158
269 140 294 130 352 458
268 143 291 130 368 420
272 140 290 128 392 347
271 138 286 127 415 320
272 142 285 124 415 323
276 132 286 122 416 355
277 132 292 120 383 352
283 125 299 117 333 337
288 114 307 112 304 304
292 280 315 113 295 307
290 289 325 110 292 293
291 288 333 121 297 300
290 285 338 129 302 302
288 284 346 138 309 310
286 292 349 142 311 298
283 296 351 137 325 245
284 297 353 138 325 257
284 296 358 135 326 228
283 295 358 135 323 231
281 300 354 137 326 190
281 297 354 139 333 168
273 310 351 137 345 172
0 0 351 139 289 266
0 0 353 136 290 266
