277 161 309 140 271 141
0 0 311 135 254 167
216 448 311 132 260 147
213 375 307 133 271 138
186 327 304 128 255 281
178 290 304 125 261 131
165 280 304 124 260 129
182 286 299 123 259 127
192 292 295 122 250 280
205 300 285 123 249 282
204 352 278 124 248 283
208 311 274 124 248 276
203 324 271 129 248 276
207 332 262 134 248 274
213 332 0 0 249 278
227 336 0 0 249 280
234 320 0 0 249 281
238 316 0 0 249 282
256 348 0 0 249 287
260 342 0 0 247 282
271 327 0 0 247 281
274 322 0 0 247 282
282 306 0 0 248 289
287 298 0 0 0 0
289 302 0 0 0 0
275 295 0 0 0 0
262 315 0 0 0 0
257 321 0 0 0 0
252 328 0 0 0 0
201 332 0 0 0 0
