285 284 310 145 265 163
0 0 301 144 501 464
13 454 300 145 514 444
17 451 300 147 476 426
44 440 302 145 436 382
74 414 300 144 420 325
150 404 300 138 397 305
161 405 298 137 362 340
176 429 298 138 340 408
192 443 298 140 342 429
198 452 298 144 353 438
200 451 297 147 354 440
206 448 299 149 353 440
225 445 299 146 376 436
226 454 297 143 411 451
213 457 299 143 430 446
227 458 300 144 362 415
231 463 300 145 361 415
228 470 300 144 360 415
0 0 300 144 356 415
0 0 302 144 436 440
203 461 301 144 436 440
245 463 301 145 444 442
243 463 301 143 451 444
254 467 302 141 416 454
0 0 302 141 436 464
269 307 300 139 467 470
254 296 300 140 0 0
251 292 296 140 0 0
248 286 295 143 0 0
