35 383 303 144 536 254
302 135 300 144 0 0
0 0 297 141 486 468
17 467 297 140 478 461
274 456 299 141 417 445
257 439 300 138 422 421
149 433 298 132 402 392
160 426 295 129 362 387
176 424 294 128 341 394
193 428 289 128 328 394
196 436 286 126 343 409
194 438 282 131 353 420
197 437 282 131 354 426
207 428 285 134 350 429
221 419 287 131 353 427
230 414 291 131 356 425
230 413 295 130 357 430
234 416 300 133 367 439
238 426 303 132 349 451
267 433 304 131 376 456
285 278 306 131 453 436
281 274 309 132 0 0
280 272 307 132 0 0
280 271 306 133 0 0
278 270 306 133 0 0
273 432 303 133 0 0
263 427 302 133 0 0
255 429 302 132 283 457
265 429 300 132 324 455
112 450 303 133 339 460
