23 384 312 153 270 173
154 457 307 155 0 0
121 387 306 154 0 0
108 348 307 154 0 0
99 335 309 154 0 0
94 334 308 153 0 0
102 284 307 154 0 0
92 279 306 153 0 0
96 276 307 153 0 0
98 323 306 154 0 0
101 327 306 154 0 0
107 278 306 154 0 0
109 274 305 154 0 0
115 298 305 153 0 0
117 304 305 154 0 0
117 274 304 154 0 0
118 267 303 153 0 0
121 301 305 153 0 0
125 308 304 153 0 0
126 270 303 153 0 0
112 258 304 153 0 0
123 269 300 152 0 0
131 273 302 153 0 0
120 272 303 153 0 0
110 258 304 153 0 0
138 281 302 151 0 0
132 280 302 152 0 0
138 276 304 154 0 0
137 267 302 155 0 0
107 289 302 155 0 0
