287 311 308 154 539 244
0 0 302 157 360 461
0 0 300 157 386 432
0 0 298 159 417 404
0 0 300 158 437 401
0 0 298 159 444 399
0 0 299 156 439 385
0 0 298 155 429 378
0 0 299 156 429 369
0 0 300 156 432 361
0 0 301 156 434 354
0 0 300 155 439 339
0 0 300 154 446 346
0 0 301 155 443 342
0 0 300 154 446 321
0 0 299 157 449 331
0 0 300 154 451 320
0 0 300 156 458 308
0 0 299 155 462 356
0 0 298 155 457 317
0 0 298 156 461 323
0 0 298 156 462 360
0 0 297 155 473 320
0 0 298 156 469 298
0 0 300 155 467 299
0 0 299 155 452 303
0 0 298 152 443 299
0 0 298 155 446 299
0 0 299 157 439 295
0 0 300 154 437 297
