46 359 307 162 537 264
306 154 303 161 0 0
304 156 302 162 0 0
304 157 301 163 0 0
296 346 301 163 439 443
299 350 303 166 448 365
0 0 303 165 460 336
0 0 301 163 475 339
0 0 301 162 480 317
0 0 300 162 484 302
0 0 300 163 477 295
0 0 301 164 486 283
0 0 300 163 491 279
0 0 301 161 493 300
0 0 302 164 502 277
0 0 301 162 499 289
0 0 301 163 494 271
0 0 304 163 498 270
0 0 304 163 490 250
0 0 304 163 472 264
0 0 307 164 474 257
0 0 305 164 475 257
0 0 305 163 474 262
0 0 304 162 484 265
0 0 305 163 489 270
0 0 304 163 463 284
0 0 305 163 464 289
0 0 306 163 461 280
0 0 306 162 463 282
0 0 306 162 471 287
