287 311 308 158 267 176
105 448 309 159 0 0
89 387 310 159 0 0
88 326 310 159 0 0
80 321 309 157 0 0
91 292 308 157 0 0
87 289 307 157 0 0
79 286 307 156 0 0
74 280 305 155 0 0
79 276 306 155 0 0
88 270 308 155 0 0
87 268 308 155 0 0
98 232 304 155 0 0
67 296 306 155 0 0
111 224 309 155 0 0
107 221 306 155 0 0
66 304 305 155 0 0
110 213 307 154 0 0
54 295 306 155 0 0
102 205 307 157 0 0
107 221 307 156 0 0
44 301 305 156 0 0
88 257 305 156 0 0
26 318 305 155 0 0
63 313 308 154 0 0
56 285 305 156 0 0
90 203 307 156 0 0
50 319 308 155 0 0
54 318 307 155 0 0
90 208 309 156 0 0
