286 307 299 156 532 210
0 0 298 154 438 461
0 0 297 156 433 404
271 312 297 156 443 332
263 312 295 156 469 332
236 170 294 158 486 322
0 0 292 156 494 311
0 0 293 156 490 298
0 0 294 155 493 285
0 0 294 155 492 265
0 0 294 155 498 272
0 0 296 154 517 292
0 0 295 156 524 307
0 0 292 155 525 302
0 0 294 154 522 301
0 0 293 154 516 264
0 0 293 153 521 268
0 0 292 154 505 274
0 0 292 156 506 247
0 0 292 155 494 254
0 0 294 156 494 265
0 0 292 154 480 227
0 0 291 155 477 254
0 0 291 154 460 270
0 0 292 156 462 265
0 0 295 154 468 270
0 0 293 156 461 273
0 0 295 156 470 256
0 0 295 154 462 312
0 0 296 154 428 244
