40 413 307 252 204 263 9337.5 3829.5 161.806533813 91.2168579102
290 447 318 250 176 684 3670.0 9421.0 23.1850528717 104.623458862
286 446 316 249 184 667 4334.0 13112.5 43.5633468628 57.6392097473
286 441 317 248 192 638 4682.0 17023.0 37.363697052 37.0154876709
299 441 320 246 142 627 2333.0 32005.5 2.29661917686 79.5042953491
307 437 320 245 150 631 1145.5 34567.5 0.0717713832855 79.1490707397
1000000000 1000000000 0 0 173 413 212.0 35018.5 1000000000 81.0070800781
1000000000 1000000000 0 0 193 433 84.5 23498.5 1000000000 85.5931243896
1000000000 1000000000 326 248 199 688 51.5 18277.5 1000000000 85.6835327148
1000000000 1000000000 0 0 203 451 51.5 11614.5 1000000000 87.2298126221
1000000000 1000000000 326 246 198 699 74.0 10274.0 1000000000 87.1895217896
1000000000 1000000000 324 248 188 699 32.0 11496.0 1000000000 87.7332000732
1000000000 1000000000 321 247 175 699 31.0 10590.5 1000000000 91.1725311279
1000000000 1000000000 319 244 151 685 279.5 17510.5 1000000000 91.1678543091
290 448 314 246 247 680 3343.5 8844.0 29.8116416931 95.9499053955
259 426 311 249 237 673 5993.5 10894.0 49.7464523315 96.8110580444
226 424 311 249 229 667 4856.0 12161.5 45.3537635803 105.769042969
188 375 307 250 218 654 6997.5 11012.0 19.5059432983 71.2942123413
145 353 307 251 215 641 10588.0 9977.5 9.28803920746 81.6947174072
107 345 304 252 207 627 12743.0 8273.0 179.667144775 79.7284240723
90 343 304 252 208 630 13675.0 9168.0 174.193832397 79.8468170166
66 329 301 253 209 626 6780.5 7956.5 123.54763031 69.3679504395
28 382 302 255 220 642 1029.0 9076.5 8.71314048767 72.9712982178
28 440 298 256 227 661 2497.0 7578.0 153.092208862 101.83631897
54 406 298 255 243 667 1957.5 5498.5 107.627418518 117.787597656
