39 416 300 252 200 264 9212.5 3987.0 151.942138672 89.8776550293
258 462 0 0 1000000000 1000000000 2515.5 14.0 91.6689300537 1000000000
205 425 0 0 1000000000 1000000000 15870.0 78.0 103.207000732 1000000000
191 409 0 0 1000000000 1000000000 20001.5 90.5 101.896736145 1000000000
147 390 0 0 1000000000 1000000000 28328.5 22.0 114.738067627 1000000000
141 400 0 0 1000000000 1000000000 20041.5 6.5 116.465499878 1000000000
128 414 0 0 1000000000 1000000000 13131.0 15.0 119.453109741 1000000000
100 426 0 0 1000000000 1000000000 14443.0 3.0 107.623252869 1000000000
78 446 256 259 1000000000 1000000000 9366.5 21.5 93.252456665 1000000000
77 455 258 260 1000000000 1000000000 6253.0 4.0 93.0933837891 1000000000
79 456 257 260 1000000000 1000000000 5506.5 24.5 94.1335144043 1000000000
83 453 262 259 1000000000 1000000000 6408.5 7.0 93.5795440674 1000000000
89 450 0 0 1000000000 1000000000 8944.0 5.0 91.3888702393 1000000000
98 443 271 255 1000000000 1000000000 9515.0 -1 93.1554031372 1000000000
125 431 281 254 1000000000 1000000000 13856.0 3.0 96.1763916016 1000000000
191 432 284 252 1000000000 1000000000 14599.0 7.0 91.8512039185 1000000000
180 409 286 251 1000000000 1000000000 21892.5 329.0 106.736885071 1000000000
243 379 292 248 23 702 13838.0 2280.5 135.296356201 137.740570068
85 372 292 246 46 678 11728.5 4453.5 115.462547302 134.127975464
77 361 294 247 83 659 8931.0 5096.5 85.1545257568 151.108108521
74 364 295 248 102 613 8420.0 9088.0 81.4505996704 167.482894897
76 371 299 249 155 602 7254.5 14821.0 77.7035064697 2.30220508575
84 374 301 248 207 620 5929.5 19919.0 80.7447433472 34.4008789062
87 379 303 249 229 637 5646.0 22050.0 78.4526901245 49.002696991
93 401 306 248 250 664 8063.5 16266.0 101.227958679 88.9632873535
