41 414 304 249 203 260 10022.5 3686.0 162.623184204 90.3084869385
270 432 297 251 17 711 7413.5 1275.0 122.010093689 136.746917725
262 385 296 250 17 713 11258.5 1042.5 152.297958374 133.44708252
254 375 298 250 1000000000 1000000000 13122.5 669.0 155.784881592 1000000000
229 375 298 248 1000000000 1000000000 15001.5 49.0 154.629821777 1000000000
139 383 298 249 1000000000 1000000000 27736.0 7.0 119.93561554 1000000000
133 386 298 249 1000000000 1000000000 28696.5 24.5 119.381561279 1000000000
141 408 299 249 1000000000 1000000000 18740.0 47.5 113.487876892 1000000000
136 413 299 252 1000000000 1000000000 16186.5 29.5 111.237297058 1000000000
135 415 299 253 1000000000 1000000000 15254.5 36.0 116.779251099 1000000000
114 415 299 253 1000000000 1000000000 19466.5 15.5 105.272689819 1000000000
133 410 300 252 1000000000 1000000000 17697.0 20.0 109.537536621 1000000000
150 410 300 253 1000000000 1000000000 19236.5 131.5 108.454971313 1000000000
191 403 298 252 21 715 17774.0 1081.5 105.231941223 109.640258789
183 372 299 252 32 700 19661.0 4009.0 97.8862609863 133.067077637
249 332 299 253 53 676 11815.0 6798.0 114.720329285 138.953277588
270 315 296 253 67 664 5793.5 8099.5 120.733657837 141.609359741
64 366 0 0 117 424 2428.5 6042.0 99.8955001831 146.13041687
89 364 295 254 129 643 1058.5 8966.5 140.043441772 155.093673706
1000000000 1000000000 293 255 134 620 903.0 11050.5 1000000000 159.99395752
1000000000 1000000000 296 255 153 593 594.0 15012.0 1000000000 168.887130737
1000000000 1000000000 298 255 175 597 281.5 16819.0 1000000000 173.72227478
1000000000 1000000000 298 255 200 616 158.0 18014.0 1000000000 174.259933472
1000000000 1000000000 298 255 215 625 305.5 19526.5 1000000000 172.971038818
1000000000 1000000000 299 254 258 640 308.5 21501.5 1000000000 14.1721630096
