40 418 296 256 201 268 9468.5 3994.0 157.651245117 90.4266586304
1000000000 1000000000 0 0 27 462 107.5 1661.5 1000000000 103.84602356
301 381 0 0 24 432 2523.5 3885.5 170.191848755 170.423294067
290 346 0 0 22 437 3186.5 3611.0 148.71925354 161.857940674
276 363 266 259 20 709 9062.0 2050.5 158.279907227 162.480865479
259 365 266 258 18 716 11300.0 1445.5 155.373138428 145.682662964
212 382 0 0 1000000000 1000000000 18436.0 178.5 135.134262085 1000000000
188 419 272 258 1000000000 1000000000 13594.5 8.5 126.933250427 1000000000
145 422 270 255 1000000000 1000000000 14485.5 4.0 104.34387207 1000000000
103 440 274 259 1000000000 1000000000 12545.0 7.0 97.105506897 1000000000
98 447 273 257 1000000000 1000000000 8227.0 2.0 97.2455291748 1000000000
97 447 274 257 1000000000 1000000000 7595.0 -1 96.191368103 1000000000
122 448 281 261 1000000000 1000000000 8102.0 -1 95.3631591797 1000000000
159 444 287 259 1000000000 1000000000 10377.5 0.0 85.983543396 1000000000
211 428 293 258 1000000000 1000000000 14288.0 234.5 106.519439697 1000000000
238 411 297 255 17 717 13186.0 1128.0 112.293968201 127.968803406
275 342 302 255 40 688 3256.5 4311.0 104.078186035 137.36390686
1000000000 1000000000 307 255 103 701 641.5 2682.0 1000000000 139.108444214
1000000000 1000000000 313 255 115 650 885.5 5579.0 1000000000 157.642028809
1000000000 1000000000 314 255 127 625 932.0 7664.0 1000000000 163.148193359
1000000000 1000000000 314 257 145 587 910.0 8003.0 1000000000 10.3871431351
1000000000 1000000000 314 258 162 600 746.5 10183.5 1000000000 169.72467041
1000000000 1000000000 315 257 187 602 891.0 11916.5 1000000000 29.2333545685
1000000000 1000000000 314 257 214 625 514.5 14711.0 1000000000 37.9791641235
1000000000 1000000000 310 257 241 655 522.0 16526.5 1000000000 54.7201423645
