40 419 305 254 200 266 8665.5 4182.0 150.628082275 90.0604934692
299 460 316 248 209 682 1373.0 5894.5 43.9814453125 124.247711182
292 447 320 248 209 643 3310.5 13088.0 27.7240104675 8.92358016968
290 447 321 247 210 626 3564.0 15461.5 31.2850399017 27.6587924957
294 447 323 249 148 618 3242.0 33436.5 28.0304660797 70.8224182129
306 443 326 247 152 625 1565.0 34732.5 4.67551469803 67.9961624146
1000000000 1000000000 327 248 165 637 634.0 34051.5 1000000000 68.0654220581
1000000000 1000000000 329 249 185 660 90.5 32993.5 1000000000 74.5195388794
1000000000 1000000000 333 249 201 677 145.0 24943.5 1000000000 81.5769424438
1000000000 1000000000 333 247 205 682 149.5 20719.5 1000000000 83.105682373
1000000000 1000000000 333 247 205 683 105.0 19668.5 1000000000 83.2529449463
1000000000 1000000000 331 248 199 685 13.5 20353.0 1000000000 84.4552612305
1000000000 1000000000 327 246 186 678 43.5 24826.5 1000000000 86.0888824463
1000000000 1000000000 323 248 168 673 597.0 31216.0 1000000000 88.7003555298
297 454 322 245 157 660 1322.0 29895.5 47.9103660583 90.0233535767
270 444 316 246 245 656 4801.0 14131.5 55.1423606873 79.8861618042
232 429 310 245 244 644 6227.5 13134.5 55.2371025085 40.6663970947
193 407 309 246 244 638 6892.0 14204.5 34.4897499084 38.6661758423
186 379 308 248 243 636 6673.0 13581.0 28.0948982239 43.8131370544
155 356 306 246 242 629 8625.0 12567.5 21.2906494141 46.3629150391
117 319 306 247 244 624 14168.0 11122.0 6.59836387634 49.5584526062
85 324 304 251 247 625 16698.0 10788.5 173.496994019 85.5777359009
73 333 303 249 247 623 16331.0 9028.0 167.090270996 76.5611572266
67 331 303 250 247 623 3142.0 7597.0 110.65171814 87.3305892944
78 387 304 253 246 641 1103.0 5493.0 9.59752559662 104.328987122
