42 407 276 210 0 0 11896.0 544.0 164.055175781 0
36 446 286 209 249 632 4656.5 14428.5 114.503013611 80.3876724243
38 422 284 206 232 609 8143.5 17694.5 4.78882598877 28.734041214
61 363 283 208 183 571 11586.0 17532.5 145.314682007 21.8756942749
131 358 282 208 113 553 11888.0 13928.0 175.036178589 8.24495029449
218 373 282 207 29 605 7105.0 5465.0 9.45859718323 164.93447876
261 403 282 209 24 651 6950.0 2882.5 30.6643638611 160.396728516
258 406 282 208 25 640 6473.0 3338.0 34.7588996887 157.218658447
199 369 283 209 64 593 7840.5 6001.5 7.53313207626 168.426452637
137 354 282 207 131 547 11183.0 14386.0 175.66494751 6.52820110321
117 342 282 208 149 550 12594.0 15318.5 168.583007812 11.816904068
127 345 283 207 137 545 10985.5 13710.0 164.351074219 15.9593372345
196 369 285 207 68 564 6077.5 6439.5 4.005235672 2.70741200447
271 405 286 207 21 652 5231.0 2347.0 38.5755844116 154.068969727
244 405 287 208 23 632 3951.5 3154.0 22.1546764374 162.255264282
187 377 286 208 70 580 6664.0 5717.5 7.45944690704 177.145980835
151 359 286 208 111 549 9078.5 11860.0 177.466049194 3.69611334801
110 342 286 208 147 553 12139.5 13652.0 164.451721191 15.5211238861
153 358 287 208 111 548 8861.5 12406.5 166.045684814 11.1646032333
227 380 287 207 30 605 6200.0 4302.0 5.17366170883 165.811172485
268 403 287 207 23 647 5669.0 2533.0 31.7558956146 154.883041382
245 401 287 207 24 624 3802.5 2595.0 24.6128997803 162.007278442
183 369 287 207 78 570 7396.5 5635.0 6.43273925781 176.158035278
116 344 287 208 148 550 11289.5 13987.5 167.289550781 13.932592392
98 327 288 208 155 552 9971.0 13339.5 148.57383728 19.165599823
