47 396 291 213 0 0 16074.5 900.5 165.34916687 0
39 465 289 209 250 648 1501.0 10094.5 90.0033569336 88.1249847412
48 427 288 209 215 608 9701.5 18739.5 166.993011475 27.8460464478
60 401 288 208 191 586 11404.0 18603.5 157.032028198 21.6492462158
110 360 287 210 133 562 12762.0 16454.5 164.391784668 12.1871070862
180 358 287 211 58 579 8966.0 7185.5 178.758010864 0.12097748369
260 409 287 209 20 658 6274.0 2121.0 18.6385173798 154.102600098
261 411 287 209 22 652 6463.0 2476.5 30.553483963 160.078979492
232 411 287 209 29 624 4647.0 3298.5 22.279838562 157.131362915
178 377 286 210 85 568 6249.5 8137.0 8.90550231934 176.259811401
117 360 286 210 147 556 11013.0 14897.5 165.290374756 13.7567243576
107 355 288 209 152 558 12497.5 14645.0 160.124450684 17.890089035
164 371 289 209 103 552 8011.0 12133.5 174.721694946 9.81679058075
203 379 288 210 61 581 6317.0 5985.5 2.90307402611 1.22629261017
271 413 288 209 22 656 5711.0 2349.5 34.6304092407 151.252807617
251 405 289 209 25 635 3867.5 3385.0 24.0591049194 159.634063721
195 368 290 209 65 590 6856.5 5367.5 5.97163057327 172.771560669
144 359 289 209 118 558 11189.5 12386.5 167.941741943 10.393075943
149 351 289 209 112 554 10431.0 11542.0 163.519195557 13.1450376511
180 363 289 208 86 544 7896.0 9175.0 170.844207764 13.7806682587
247 391 288 209 24 634 5068.0 3468.0 14.1665964127 166.616271973
271 408 288 209 22 647 5201.5 2870.0 19.2799530029 159.70880127
216 371 288 209 40 589 6823.0 4011.5 7.20245218277 163.09765625
147 358 288 208 108 555 9807.5 10182.5 170.292236328 3.51507997513
130 351 289 208 123 561 11991.0 11112.0 161.63835144 11.2288942337
