41 407 298 213 0 0 12341.5 550.0 162.882461548 0
24 456 292 212 276 666 1924.5 3905.5 30.8299121857 81.8115158081
22 432 291 211 271 639 3728.0 9517.0 1.03418827057 24.2118339539
32 376 292 211 259 591 7059.0 19049.0 166.254852295 21.1853694916
59 327 292 212 216 566 10671.0 20350.5 140.606842041 20.5726909637
93 323 292 213 184 558 9662.0 19436.0 142.541992188 18.6257190704
189 335 292 212 103 551 5417.5 13168.0 168.815292358 11.5386228561
272 412 292 212 25 640 5584.5 3404.5 31.7448730469 155.403579712
248 406 293 213 34 622 4138.5 3629.0 25.922492981 154.428146362
177 370 293 212 113 561 6847.5 12291.0 9.91979408264 179.956390381
129 357 292 212 154 557 10403.5 16618.0 173.402374268 8.77898216248
70 332 293 212 192 566 10510.0 15653.5 136.052001953 20.1893882751
98 350 296 211 181 568 12058.0 15668.0 157.149017334 23.8448963165
165 367 296 212 134 557 9124.5 14393.0 171.604629517 16.5355834961
243 396 295 212 45 597 5353.0 5929.0 11.1913824081 179.760513306
278 415 293 212 22 651 5831.5 2817.5 30.5377960205 158.277526855
239 395 293 212 33 606 5819.5 5611.5 14.8967218399 163.315841675
187 363 294 211 80 570 9022.0 9663.0 0.751828491688 1.16641056538
168 360 295 212 95 568 10649.0 11274.5 173.237701416 5.64610815048
163 356 294 210 92 564 10975.5 10509.0 167.83480835 8.79244422913
213 374 293 210 39 596 7738.5 6024.5 176.729370117 177.928009033
275 412 292 212 18 660 6878.5 2011.5 20.9948348999 153.949981689
243 409 293 211 24 633 4700.5 3093.0 20.1592884064 158.43069458
220 369 292 210 36 588 6663.0 4261.0 4.99070596695 163.96862793
146 361 293 211 123 560 10546.5 13219.0 172.751312256 8.87089061737
