41 402 289 209 0 0 12722.5 800.0 164.336868286 0
0 0 285 204 236 658 21.5 5478.0 0 96.1710968018
47 447 283 205 228 615 5973.5 17048.5 105.446777344 31.9766960144
49 425 283 205 213 592 10234.5 17514.5 168.924331665 24.8419914246
64 368 283 208 181 565 12039.0 17051.0 142.791702271 19.7537269592
113 355 283 209 132 553 12990.5 15353.0 165.917785645 12.3111810684
179 361 282 208 63 573 9481.5 7759.5 179.76335144 0.370959818363
220 375 281 207 28 605 7121.5 5150.0 10.7550811768 164.672790527
267 411 282 207 20 654 6937.5 2448.5 21.729473114 154.482437134
230 391 283 207 34 627 5511.5 3721.0 16.3490219116 153.524047852
171 373 282 207 89 558 7978.0 9348.5 6.45112943649 178.719665527
115 346 284 207 148 550 11581.5 14049.0 167.474700928 14.2092056274
107 346 286 208 157 556 12015.0 13487.5 161.258926392 17.0540218353
133 349 286 208 136 552 10002.0 13065.0 164.330078125 15.776342392
209 347 287 208 70 555 4047.5 6620.5 169.88520813 4.78538608551
274 407 286 205 23 644 4824.5 2564.0 28.6235713959 157.319107056
249 408 288 206 27 630 4164.5 3218.5 24.630487442 158.424911499
194 373 289 207 79 570 6353.5 7255.0 4.64174175262 179.028747559
159 360 289 207 113 554 9380.0 12218.0 175.552474976 6.61840963364
137 349 289 208 126 557 11729.0 12509.0 162.967697144 14.734752655
200 371 291 207 67 561 6875.0 7084.5 179.546768188 6.5455493927
265 407 292 207 23 648 6118.0 2735.5 26.4305706024 155.923355103
245 404 288 207 25 627 4424.5 3056.0 22.1042747498 162.033981323
220 369 290 207 39 590 6006.5 3912.0 7.15492010117 161.733337402
151 356 289 207 112 553 9624.0 11502.5 172.499191284 5.43332290649
