38 401 286 208 0 0 11666.0 382.5 167.373321533 0
39 463 287 207 227 637 2051.0 12383.0 89.3090057373 90.6553039551
41 441 286 205 223 610 6007.0 17197.0 148.21131897 21.4646034241
44 383 284 208 208 569 10132.0 18869.5 169.713989258 22.518196106
62 328 286 208 179 547 11430.0 18367.5 141.813812256 17.3594017029
120 336 287 208 126 541 11943.5 15941.5 173.155471802 7.1049656868
156 354 288 208 91 549 10094.0 11675.0 4.03262472153 3.27776932716
226 387 287 206 35 628 7644.0 4687.0 28.9717540741 159.640136719
232 412 289 206 34 639 4976.5 3234.0 44.2927436829 150.589584351
193 377 292 206 68 607 6830.0 5168.0 19.7519111633 161.579528809
143 306 292 206 134 544 5518.5 14453.0 171.235534668 1.62943077087
93 287 294 206 168 545 8611.0 15612.5 146.865585327 14.2076301575
98 287 295 207 160 544 7891.0 15722.5 142.273483276 14.0568675995
162 342 296 207 100 546 9416.0 11328.5 176.170913696 3.80982661247
231 387 296 207 38 627 6327.0 4213.5 19.8076190948 155.808135986
244 410 296 205 33 633 5785.5 3841.0 44.0790901184 152.688140869
202 369 294 206 59 601 7187.5 4735.0 14.9567480087 156.328018188
153 341 293 205 115 545 8929.0 12528.0 179.967224121 1.45456385612
137 321 293 205 127 553 10466.0 12386.0 172.954406738 5.54090642929
169 355 293 206 102 534 8116.5 10718.0 3.27273988724 4.73146152496
223 393 292 204 34 607 6205.0 4746.5 15.3221359253 162.743164062
236 416 293 206 29 637 4773.0 3494.5 29.9198093414 156.288711548
207 371 292 205 48 590 6984.5 4149.0 14.0474224091 159.290390015
184 358 292 205 76 566 7742.0 5787.5 9.33983421326 170.448608398
151 331 292 205 119 542 10546.5 12035.5 177.534332275 4.70814085007
