40 401 294 211 0 0 11932.5 805.5 166.181900024 0
0 0 291 214 208 677 84.5 1974.5 0 85.4335784912
57 461 294 213 136 661 2347.0 12734.5 89.5576553345 83.478012085
170 446 293 210 91 630 13028.5 14528.5 87.1628036499 77.6745529175
185 441 295 207 76 616 15592.0 12477.0 85.3814926147 75.3234710693
204 440 293 207 65 620 15818.0 11440.0 83.850982666 75.404045105
214 442 293 207 73 635 13643.0 12451.0 81.7862167358 84.7788696289
220 445 291 210 77 645 12140.0 12232.5 82.8655700684 85.9320373535
220 447 291 210 76 647 11833.5 11643.5 83.2844085693 86.7550201416
217 445 289 213 75 650 12686.0 11539.0 84.0891113281 86.4378433228
213 442 291 212 75 644 13879.0 12240.5 81.9644393921 88.3645401001
210 440 288 211 75 639 14506.0 12435.5 81.7228851318 90.9295654297
210 440 289 211 76 638 14607.0 12403.0 81.6900634766 90.5948257446
211 440 289 211 75 638 14593.0 12469.5 81.7624664307 89.4253845215
210 440 289 210 76 639 14534.5 12348.5 81.7726974487 88.673500061
210 441 288 210 75 639 14452.5 12371.5 81.7043609619 89.779914856
210 440 290 210 75 639 14641.5 12394.5 82.0352325439 90.3156433105
211 440 288 210 75 639 14530.0 12255.5 82.4379959106 90.2892150879
211 440 288 210 77 640 13633.5 11970.0 84.1420288086 86.2793884277
211 439 289 210 79 640 11407.0 11648.5 83.4248809814 86.0756378174
213 437 288 210 81 642 9816.5 10355.5 83.806930542 84.8243331909
206 434 288 210 80 647 7138.0 7577.5 81.9409790039 93.3802490234
198 432 289 209 79 657 4837.5 4930.5 77.8834609985 70.2151870728
169 440 289 209 55 667 2063.0 2168.5 87.7518844604 92.4951095581
164 439 290 208 0 0 1374.5 469.5 80.8994522095 0
