42 407 295 213 0 0 11536.0 927.5 159.425750732 0
0 0 291 207 284 671 30.0 1829.0 0 86.1549453735
0 0 291 207 274 626 125.0 9635.0 0 169.210769653
0 0 292 208 243 556 673.5 9969.5 0 135.938110352
22 405 293 207 201 519 2474.5 13147.5 23.2180366516 140.746398926
37 356 294 207 184 516 7614.0 14160.0 0.50561851263 141.802932739
81 338 294 206 179 521 13123.0 13317.5 60.07762146 126.819282532
146 337 292 205 181 523 17459.0 12643.0 74.6291046143 114.654418945
171 344 292 206 159 512 21190.0 13689.5 81.7002563477 102.827041626
170 349 291 206 135 501 23521.0 13301.0 88.9739151001 91.4822463989
170 352 293 207 123 499 23676.5 12632.0 90.6792755127 86.2798690796
182 362 292 207 99 502 19020.0 11252.5 91.2970504761 77.9713287354
187 388 293 206 81 519 19283.5 10443.0 96.7121429443 73.0562667847
202 407 293 206 73 553 20438.5 9589.0 93.3864135742 74.5401077271
207 426 292 207 73 588 19523.0 10322.0 89.4234619141 76.6155471802
204 435 292 206 77 602 18097.5 10860.0 88.5023040771 77.9432525635
203 444 291 207 85 625 13680.0 11817.5 86.8441619873 83.5369949341
207 448 290 209 88 638 11755.0 12393.0 86.810836792 84.9088287354
208 450 291 212 88 646 11175.0 12130.0 86.9272994995 85.1826171875
208 449 292 212 87 646 11288.5 11861.0 86.7002258301 85.8667907715
208 449 291 212 85 646 11650.0 11683.5 86.8593597412 86.0311508179
207 448 290 213 84 647 12181.0 11493.5 86.5464782715 86.5669403076
206 444 290 212 84 643 11157.0 11585.0 86.8644180298 87.1541900635
217 443 289 212 85 639 9529.5 11376.0 85.8103561401 87.1471252441
228 438 289 212 85 637 7894.5 10970.0 85.6952514648 86.1074905396
