19 418 291 213 0 0 2053.5 431.5 3.53097653389 0
0 0 289 208 221 674 440.5 1063.0 0 89.287071228
23 460 290 204 226 662 1581.0 4272.5 117.100410461 88.7134628296
39 454 291 204 164 647 4026.5 15389.5 99.60131073 85.6427383423
59 451 292 203 170 628 6879.0 15381.0 103.3854599 84.384513855
151 437 291 203 165 593 15998.0 16065.0 94.634147644 82.2426223755
163 423 291 204 159 564 20990.0 16323.0 98.751625061 78.9814529419
164 411 292 202 145 539 24452.0 15735.5 99.7867507935 76.0041275024
160 402 291 204 128 529 23733.0 14514.5 98.0404281616 73.2381439209
161 397 291 205 110 528 23102.0 14042.0 99.5154037476 71.2399673462
174 395 292 206 96 534 20107.0 12943.0 96.9768676758 71.9234390259
180 397 291 206 90 538 20207.0 12310.0 96.1141052246 71.8184280396
192 403 293 207 81 552 20415.5 10898.5 92.5642929077 73.1274871826
200 412 294 207 78 569 19447.0 10328.5 87.0212249756 77.1167297363
205 421 294 207 78 585 18652.0 10553.0 85.1838226318 80.0554122925
206 426 292 207 79 593 18086.0 10815.0 82.681892395 81.543800354
202 432 292 207 82 606 17789.5 11451.0 82.4183883667 85.7713623047
199 434 291 206 86 614 16984.0 11789.0 81.3984603882 90.2101898193
199 435 289 207 88 621 16313.5 11713.0 80.656539917 94.4141540527
200 435 288 207 87 623 15718.5 11857.5 79.8177261353 95.5627288818
205 436 289 206 86 628 15227.5 11634.0 79.5436325073 96.6434707642
206 438 288 208 85 637 13069.5 11762.0 78.340637207 96.1865386963
207 439 288 208 85 639 10864.0 11621.0 78.7847290039 95.6497268677
217 438 287 209 87 641 8915.5 10990.5 77.6615905762 93.615234375
222 437 287 209 88 643 8083.5 10578.0 76.5848464966 92.8873901367
