46 396 295 208 0 0 14928.0 831.0 168.702636719 0
0 0 292 211 155 662 469.0 5866.0 0 101.508468628
0 0 293 210 135 646 663.0 9798.5 0 106.845672607
42 459 295 209 135 627 2408.0 13387.5 80.4732284546 102.588470459
73 451 294 207 145 614 7964.0 15045.5 97.4355697632 101.545516968
154 431 296 207 118 601 18443.5 15229.5 85.2534484863 89.0160751343
171 428 295 207 103 598 19825.0 14783.0 85.4230422974 83.1666564941
192 433 296 205 76 595 18613.5 12008.5 85.774772644 73.5355987549
204 441 297 205 71 607 15679.0 11157.5 87.0543823242 70.6043701172
206 452 295 205 82 634 10530.5 12546.0 88.6097869873 75.1150054932
213 456 295 206 88 645 8555.5 11750.5 89.2032470703 79.2048034668
261 461 292 207 90 658 3769.0 7900.0 90.5112380981 83.2959899902
259 463 289 211 87 667 3193.0 6112.5 90.7503967285 84.0245513916
251 463 289 213 87 668 3737.0 6462.5 89.3179779053 83.9935455322
262 460 290 214 87 666 3636.5 7435.0 90.9212875366 83.9115142822
268 460 291 213 88 665 3353.5 7398.5 91.0437545776 84.0639419556
268 460 290 212 88 665 2593.5 7040.0 88.696762085 84.2943115234
272 462 292 212 116 666 1075.5 2806.5 86.6250228882 87.8397598267
0 0 293 212 94 648 758.5 1290.5 0 49.7012023926
206 448 292 212 0 0 1667.5 806.0 91.6711959839 0
212 448 293 212 0 0 1820.5 848.5 90.6992111206 0
214 447 291 211 88 646 1909.5 1773.5 90.2261047363 77.2833633423
212 447 292 212 130 642 2114.0 1013.0 90.7596435547 158.042785645
211 446 293 212 86 646 2252.5 2132.0 88.2566833496 81.3679504395
212 446 292 212 83 645 2362.5 2287.5 89.2913589478 85.3338928223
