33 429 295 212 0 0 2119.0 258.5 127.880683899 0
0 0 296 210 191 674 672.0 3097.5 0 84.4272003174
61 448 298 213 135 638 6071.5 13817.0 91.601020813 87.4087524414
180 426 298 210 85 586 21197.0 11155.5 93.9966812134 75.7280502319
201 406 299 207 58 556 19965.5 7238.5 85.3723678589 74.7979736328
200 407 298 207 57 556 17797.0 7288.0 78.2057037354 80.4700775146
201 420 298 211 71 578 17878.0 9537.0 74.0216140747 80.9384078979
208 429 295 212 77 608 16842.5 11117.5 75.1224517822 89.7980194092
207 432 293 211 78 618 15975.5 11262.0 77.7607574463 91.8653640747
207 432 294 214 79 625 16295.0 11011.0 78.8558197021 93.5745239258
205 429 294 215 81 620 16222.5 10813.0 78.9405059814 91.274307251
208 430 294 214 82 618 12659.0 9915.5 74.8940734863 90.4405212402
215 429 295 213 95 620 10397.0 7586.0 76.9235458374 83.1185150146
240 402 296 213 91 630 4076.5 4986.5 91.1750564575 89.1525802612
256 406 296 214 67 640 1182.0 3036.5 125.340660095 96.9865036011
0 0 296 213 61 641 881.5 2111.5 0 98.162109375
0 0 297 215 42 641 355.5 1292.5 0 101.647865295
274 407 294 214 101 632 1246.5 1036.0 99.108253479 116.677703857
270 404 296 214 78 631 1658.0 2621.5 99.0797348022 96.6909637451
245 401 295 215 75 631 2377.5 3146.0 97.7094802856 93.3401260376
242 401 295 214 77 631 2350.5 2603.5 97.6832122803 96.3719406128
242 401 297 215 75 632 2326.5 2913.0 98.0639801025 92.562713623
269 405 298 216 81 632 1622.0 2577.0 98.2055664062 93.4918289185
244 402 297 215 44 634 2147.0 1415.5 97.9911499023 103.068885803
245 402 298 215 51 634 2091.0 1043.5 97.7043151855 109.061988831
