44 421 292 245 202 256 2808.5 3844.0 129.434585571 90.1254577637
1000000000 1000000000 290 241 132 683 4.0 6102.0 1000000000 58.979724884
1000000000 1000000000 292 240 110 635 124.5 11826.5 1000000000 13.5165052414
1000000000 1000000000 296 237 95 616 631.0 11593.5 1000000000 177.144943237
1000000000 1000000000 296 236 89 619 754.5 11227.0 1000000000 171.484130859
1000000000 1000000000 299 234 76 627 942.0 10241.0 1000000000 5.77828741074
287 427 306 229 61 623 2529.0 10212.0 80.6554031372 172.936965942
286 426 308 229 57 628 1994.5 9631.5 74.5485458374 178.344161987
265 421 0 0 48 410 1854.0 9059.5 170.513916016 157.873336792
278 422 0 0 40 414 4135.0 8406.5 163.434249878 160.168746948
279 422 0 0 36 413 4675.5 8071.0 164.680633545 163.584091187
277 429 303 235 35 653 3807.0 7453.5 1.18063402176 165.114273071
277 426 308 238 31 655 4690.5 6841.5 166.458587646 162.272705078
281 442 302 241 32 683 2494.0 4064.5 61.5332832336 135.168655396
264 438 302 246 28 690 1834.5 2528.5 2.32570672035 171.375442505
265 430 306 241 24 690 1989.0 2199.0 133.54624939 143.269104004
259 434 310 248 1000000000 1000000000 1253.0 676.0 156.702423096 1000000000
1000000000 1000000000 309 237 70 654 107.0 1190.5 1000000000 147.66444397
1000000000 1000000000 303 232 75 652 328.5 1574.0 1000000000 147.398605347
1000000000 1000000000 0 0 71 410 583.0 2245.5 1000000000 147.637557983
1000000000 1000000000 293 235 71 643 803.5 2137.5 1000000000 148.279556274
1000000000 1000000000 284 233 74 603 648.5 4569.5 1000000000 11.6635541916
1000000000 1000000000 276 235 90 630 349.0 5396.0 1000000000 173.333328247
275 378 307 231 1000000000 1000000000 1286.0 107.5 167.119781494 1000000000
277 377 306 231 1000000000 1000000000 1276.5 145.0 167.674240112 1000000000
