43 418 302 237 203 247 9942.0 3231.0 164.315429688 90.5749511719
139 438 298 239 1000000000 1000000000 7138.5 158.0 93.8388061523 1000000000
138 404 298 239 1000000000 1000000000 14721.0 260.5 161.987701416 1000000000
140 388 298 239 1000000000 1000000000 16858.5 225.0 163.659790039 1000000000
149 365 298 238 1000000000 1000000000 17521.5 207.0 172.051818848 1000000000
157 355 299 237 1000000000 1000000000 17268.0 166.0 179.931350708 1000000000
160 352 301 236 1000000000 1000000000 16980.0 198.0 1.50297260284 1000000000
165 352 301 235 1000000000 1000000000 16506.0 297.5 6.36736059189 1000000000
169 354 302 234 1000000000 1000000000 15461.5 434.5 10.364739418 1000000000
175 347 304 233 1000000000 1000000000 13159.0 313.5 13.0738620758 1000000000
183 334 303 233 1000000000 1000000000 11213.0 266.5 0.839526832104 1000000000
189 339 302 230 1000000000 1000000000 9865.0 242.5 4.15259122849 1000000000
195 353 303 229 1000000000 1000000000 9835.5 168.0 173.931564331 1000000000
192 377 303 229 1000000000 1000000000 10341.0 233.0 129.54637146 1000000000
198 400 302 228 1000000000 1000000000 8831.0 246.5 27.8963871002 1000000000
201 408 302 230 1000000000 1000000000 8915.5 209.5 27.1470909119 1000000000
225 414 301 233 1000000000 1000000000 11245.0 235.0 41.6595573425 1000000000
210 416 295 235 1000000000 1000000000 8146.5 277.5 25.7680721283 1000000000
212 415 296 236 1000000000 1000000000 7847.5 201.0 24.096113205 1000000000
231 417 0 0 1000000000 1000000000 10011.5 170.0 64.3022079468 1000000000
219 418 293 239 1000000000 1000000000 7464.5 158.5 23.9178104401 1000000000
224 419 0 0 1000000000 1000000000 7245.5 63.0 28.0789661407 1000000000
223 426 288 243 1000000000 1000000000 6311.0 52.5 23.5907249451 1000000000
217 446 0 0 1000000000 1000000000 4176.0 52.5 49.0371589661 1000000000
223 444 0 0 1000000000 1000000000 3985.5 32.5 49.0962524414 1000000000
