36 247 298 250 199 261 23174.5 3972.0 179.38444519 89.9011154175
289 395 306 246 1000000000 1000000000 1055.0 100.5 150.882965088 1000000000
1000000000 1000000000 289 247 70 697 497.0 4108.0 1000000000 112.921958923
1000000000 1000000000 289 244 66 663 559.5 8543.0 1000000000 5.17376947403
1000000000 1000000000 291 242 62 634 601.5 9444.5 1000000000 176.244781494
1000000000 1000000000 292 240 63 635 397.5 9342.5 1000000000 169.510253906
1000000000 1000000000 293 237 60 635 307.0 9874.5 1000000000 173.886535645
1000000000 1000000000 294 233 49 635 443.0 10022.5 1000000000 166.96321106
306 357 296 229 36 633 1226.5 8713.0 0.378199100494 175.052093506
278 437 296 229 31 634 1819.0 8145.0 151.58581543 175.696655273
279 432 295 233 27 638 2684.5 7173.5 144.537063599 179.567886353
276 434 298 236 25 631 2301.5 6781.5 168.368270874 0.95261234045
278 436 300 239 28 684 3144.0 3855.5 136.748214722 155.415344238
279 438 304 246 27 621 3345.0 7527.5 139.810241699 3.70628547668
273 438 306 246 28 621 2397.0 7799.5 156.123672485 179.573684692
275 443 308 250 28 639 2428.5 7010.0 154.748092651 5.77133560181
275 447 309 251 28 645 2134.0 7315.0 154.459503174 3.15353751183
278 440 311 249 30 687 2335.5 4466.0 143.775375366 156.373291016
276 456 310 252 29 652 1421.0 7046.0 105.135047913 2.82987713814
275 437 309 251 30 649 2872.5 7371.0 163.176513672 7.67088222504
275 435 311 249 30 635 2361.5 7986.5 172.388565063 0.678942680359
272 438 310 251 27 685 2760.0 4816.0 139.221618652 165.33531189
275 440 312 248 28 647 2135.5 6921.5 102.618080139 5.00662708282
277 439 310 249 31 646 2871.5 7079.0 159.318862915 1.45790946484
269 428 311 251 27 661 1748.5 6133.5 175.288955688 1.82058465481
