47 407 303 242 202 252 13813.0 3322.0 155.125778198 90.113243103
93 466 306 236 1000000000 1000000000 1190.5 332.5 78.4313659668 1000000000
142 424 307 232 1000000000 1000000000 11548.5 557.5 27.2935371399 1000000000
138 398 308 232 1000000000 1000000000 17672.5 475.5 172.218231201 1000000000
155 359 308 232 1000000000 1000000000 18575.5 547.5 169.179870605 1000000000
173 350 307 231 1000000000 1000000000 16434.5 507.0 0.405042469501 1000000000
181 348 305 229 1000000000 1000000000 14423.0 561.5 4.37902879715 1000000000
192 351 303 229 1000000000 1000000000 13573.5 527.0 6.97218370438 1000000000
197 367 303 224 1000000000 1000000000 12444.0 392.0 177.312042236 1000000000
202 373 301 225 1000000000 1000000000 10233.5 344.5 176.357788086 1000000000
229 409 0 0 1000000000 1000000000 10898.0 177.0 165.357559204 1000000000
224 381 0 0 1000000000 1000000000 13586.5 107.5 152.950088501 1000000000
224 413 0 0 1000000000 1000000000 8592.5 121.5 23.4502315521 1000000000
226 362 0 0 1000000000 1000000000 11321.5 76.5 0.9156062603 1000000000
229 423 0 0 1000000000 1000000000 6187.5 25.5 26.6801834106 1000000000
229 304 0 0 1000000000 1000000000 4827.0 12.0 161.917816162 1000000000
236 435 0 0 1000000000 1000000000 3813.5 102.0 36.9462165833 1000000000
242 431 0 0 1000000000 1000000000 2652.0 194.0 38.6238899231 1000000000
228 276 0 0 1000000000 1000000000 2428.5 300.0 140.205993652 1000000000
224 277 0 0 1000000000 1000000000 2453.0 30.0 127.798095703 1000000000
225 279 0 0 1000000000 1000000000 2199.0 57.0 160.175231934 1000000000
223 279 0 0 1000000000 1000000000 2231.0 135.0 153.149887085 1000000000
217 281 0 0 1000000000 1000000000 2391.5 8.0 168.786941528 1000000000
219 279 0 0 1000000000 1000000000 2251.0 150.0 36.5054130554 1000000000
211 283 0 0 1000000000 1000000000 1968.0 83.0 128.23425293 1000000000
