39 414 304 246 204 257 9490.0 3563.5 156.014633179 91.3589019775
110 465 320 237 1000000000 1000000000 1860.0 161.0 93.4074935913 1000000000
129 421 320 236 1000000000 1000000000 10936.5 270.0 116.633308411 1000000000
137 404 322 236 1000000000 1000000000 13817.0 323.0 150.246948242 1000000000
147 377 322 236 1000000000 1000000000 17484.5 486.0 163.198745728 1000000000
161 359 321 233 1000000000 1000000000 17519.0 415.5 175.810150146 1000000000
167 356 321 233 1000000000 1000000000 16720.0 477.0 179.42666626 1000000000
178 357 320 234 1000000000 1000000000 15511.0 512.5 7.69233894348 1000000000
201 369 319 233 1000000000 1000000000 16754.5 298.5 174.525436401 1000000000
190 372 319 233 1000000000 1000000000 12526.0 344.5 17.7318458557 1000000000
213 377 318 233 1000000000 1000000000 14626.0 152.5 150.358627319 1000000000
224 394 319 235 1000000000 1000000000 13475.5 339.5 117.842887878 1000000000
218 391 320 236 1000000000 1000000000 13016.5 260.5 127.607917786 1000000000
210 391 319 235 1000000000 1000000000 10210.5 42.5 179.678649902 1000000000
220 379 318 236 1000000000 1000000000 12517.5 140.0 0.439542174339 1000000000
221 416 316 239 1000000000 1000000000 8807.5 96.5 37.8404197693 1000000000
222 387 312 238 1000000000 1000000000 10297.0 55.5 171.831451416 1000000000
222 420 309 239 1000000000 1000000000 7536.5 69.0 31.4415721893 1000000000
228 406 307 242 1000000000 1000000000 8766.0 15.5 9.2445306778 1000000000
223 401 300 246 1000000000 1000000000 8745.0 43.0 165.834106445 1000000000
226 424 291 250 1000000000 1000000000 6677.5 93.5 24.3746452332 1000000000
222 432 278 251 1000000000 1000000000 5329.5 313.0 35.9564666748 1000000000
226 267 275 253 1000000000 1000000000 3910.0 21.0 166.797592163 1000000000
221 347 0 0 1000000000 1000000000 8466.0 9.0 1.77853035927 1000000000
212 289 0 0 1000000000 1000000000 4361.5 340.0 179.989532471 1000000000
