34 72 306 247 199 258 9948.5 3900.0 9.33358669281 89.8715591431
118 424 304 246 1000000000 1000000000 5611.5 8.0 22.421836853 1000000000
133 370 303 247 1000000000 1000000000 3373.5 12.0 16.5848693848 1000000000
117 349 304 247 1000000000 1000000000 7008.5 21.0 33.9301986694 1000000000
104 361 305 246 1000000000 1000000000 7953.0 11.0 26.5844459534 1000000000
99 363 305 246 1000000000 1000000000 9824.5 11.0 29.1756343842 1000000000
110 313 304 246 1000000000 1000000000 5717.5 -1 13.8390016556 1000000000
104 313 305 246 1000000000 1000000000 6391.5 2.0 10.1815395355 1000000000
105 302 305 246 1000000000 1000000000 6298.5 -1 14.4298048019 1000000000
114 313 307 243 1000000000 1000000000 6262.5 2.0 18.0378913879 1000000000
112 304 308 246 1000000000 1000000000 5414.5 8.0 13.655673027 1000000000
108 295 305 245 1000000000 1000000000 5197.0 -1 17.0218982697 1000000000
106 291 305 247 1000000000 1000000000 4424.0 2.0 41.1596488953 1000000000
113 284 307 246 1000000000 1000000000 3694.0 -1 28.3488101959 1000000000
108 282 306 245 1000000000 1000000000 4064.0 7.5 22.6407852173 1000000000
108 281 305 245 1000000000 1000000000 3524.0 2.0 28.1282939911 1000000000
112 285 306 243 1000000000 1000000000 3119.0 4.0 48.8081855774 1000000000
112 282 306 245 1000000000 1000000000 2334.0 -1 57.1290512085 1000000000
111 280 308 246 1000000000 1000000000 3546.0 2.0 35.0338630676 1000000000
110 286 309 244 1000000000 1000000000 2498.0 2.0 51.8340682983 1000000000
114 286 307 246 1000000000 1000000000 2321.5 -1 47.8351593018 1000000000
120 277 308 245 1000000000 1000000000 1163.0 3.0 6.30927228928 1000000000
120 278 308 245 1000000000 1000000000 1157.5 -1 14.9221010208 1000000000
118 286 310 246 1000000000 1000000000 2057.0 -1 58.8575286865 1000000000
104 300 309 246 1000000000 1000000000 4285.5 -1 19.2799415588 1000000000
