42 410 307 249 200 261 11229.5 4022.5 154.227035522 90.0554962158
76 462 306 247 1000000000 1000000000 2336.0 6.0 84.3867416382 1000000000
75 449 308 247 1000000000 1000000000 4136.5 2.0 74.2705383301 1000000000
98 436 309 247 1000000000 1000000000 5976.0 -1 97.7563095093 1000000000
99 410 308 245 1000000000 1000000000 6400.0 -1 18.785615921 1000000000
98 386 309 247 1000000000 1000000000 7390.5 2.0 5.37532091141 1000000000
97 367 309 248 1000000000 1000000000 8325.0 2.0 11.3381032944 1000000000
103 362 309 246 1000000000 1000000000 6476.5 2.0 45.2657661438 1000000000
126 373 309 245 1000000000 1000000000 6371.0 -1 1.46531689167 1000000000
120 368 308 245 1000000000 1000000000 5849.5 -1 174.50630188 1000000000
106 351 310 248 1000000000 1000000000 5387.5 5.5 0.798443257809 1000000000
108 351 309 246 1000000000 1000000000 4667.0 5.0 170.660751343 1000000000
124 359 309 245 1000000000 1000000000 4279.5 2.0 178.728759766 1000000000
118 362 308 245 1000000000 1000000000 3491.0 -1 103.275230408 1000000000
104 340 309 247 1000000000 1000000000 5743.0 2.0 1.8485763073 1000000000
106 339 308 247 1000000000 1000000000 5645.0 11.0 15.0226316452 1000000000
122 345 308 246 1000000000 1000000000 4971.0 15.0 16.784740448 1000000000
126 343 308 246 1000000000 1000000000 4363.5 5.5 172.752044678 1000000000
108 333 306 246 1000000000 1000000000 6176.5 15.5 10.4747180939 1000000000
95 349 305 246 1000000000 1000000000 6710.0 39.0 18.2639522552 1000000000
100 320 304 245 1000000000 1000000000 4352.0 16.0 33.4488220215 1000000000
80 320 305 245 1000000000 1000000000 7355.5 19.0 9.24979686737 1000000000
79 318 305 245 1000000000 1000000000 7530.0 4.0 13.3004455566 1000000000
104 299 304 245 1000000000 1000000000 4419.0 8.0 35.8288536072 1000000000
96 327 305 246 1000000000 1000000000 4487.0 30.5 170.756515503 1000000000
