49 407 304 242 200 254 14362.5 4005.0 157.423202515 89.9715652466
1000000000 1000000000 300 246 166 664 259.5 9595.5 1000000000 172.310775757
1000000000 1000000000 300 245 175 635 182.0 11633.5 1000000000 166.438919067
1000000000 1000000000 301 246 188 612 100.5 14202.5 1000000000 170.213241577
1000000000 1000000000 297 245 186 607 17.0 14702.5 1000000000 172.150482178
1000000000 1000000000 295 245 178 610 5.5 14441.5 1000000000 172.854431152
1000000000 1000000000 294 244 166 616 24.0 12714.5 1000000000 171.460083008
1000000000 1000000000 296 246 172 596 30.5 12137.0 1000000000 173.630432129
1000000000 1000000000 296 248 192 590 32.5 13450.0 1000000000 166.548950195
1000000000 1000000000 296 246 194 583 29.0 12912.5 1000000000 166.006622314
1000000000 1000000000 292 247 179 571 84.5 9593.5 1000000000 0.628777861595
1000000000 1000000000 292 247 171 552 64.0 5104.0 1000000000 12.1077852249
1000000000 1000000000 293 247 182 562 128.5 7783.5 1000000000 179.920852661
1000000000 1000000000 294 249 193 575 20.0 9386.5 1000000000 172.551528931
1000000000 1000000000 294 248 183 565 2.0 6779.5 1000000000 2.07805848122
1000000000 1000000000 294 247 168 570 59.5 5450.0 1000000000 2.40767097473
1000000000 1000000000 298 248 174 552 27.0 4116.0 1000000000 174.644042969
1000000000 1000000000 300 250 181 567 34.0 4856.0 1000000000 145.263458252
1000000000 1000000000 299 248 187 553 15.0 6626.0 1000000000 9.54769897461
1000000000 1000000000 298 246 190 550 0.0 2937.5 1000000000 111.12311554
1000000000 1000000000 297 247 183 561 49.0 2710.5 1000000000 105.485115051
1000000000 1000000000 299 248 189 549 41.5 3149.0 1000000000 99.2106323242
1000000000 1000000000 300 249 186 557 9.0 6499.5 1000000000 101.926727295
1000000000 1000000000 299 247 187 547 -1 7797.0 1000000000 7.44559431076
1000000000 1000000000 297 247 182 555 24.0 4674.0 1000000000 75.5503692627
