39 402 300 246 200 258 11735.0 4036.5 161.698608398 89.9742584229
1000000000 1000000000 295 242 205 688 4.0 6309.5 1000000000 87.7327728271
1000000000 1000000000 297 244 215 662 11.5 13040.5 1000000000 168.039764404
1000000000 1000000000 293 245 223 621 57.0 16007.0 1000000000 173.579971313
1000000000 1000000000 295 245 232 602 37.5 16145.5 1000000000 173.420684814
1000000000 1000000000 294 245 235 579 26.5 14129.5 1000000000 171.585632324
1000000000 1000000000 291 246 234 539 76.0 10323.0 1000000000 179.763977051
1000000000 1000000000 289 246 225 533 66.5 10123.0 1000000000 164.001785278
1000000000 1000000000 290 246 220 523 96.0 8213.5 1000000000 166.457305908
1000000000 1000000000 289 244 213 547 59.0 11317.0 1000000000 174.424255371
1000000000 1000000000 288 243 211 518 63.0 8167.0 1000000000 158.877334595
1000000000 1000000000 288 243 208 535 26.0 10934.5 1000000000 177.081375122
1000000000 1000000000 288 243 211 510 43.5 8367.5 1000000000 171.915924072
1000000000 1000000000 290 246 208 519 2.0 7584.5 1000000000 160.378097534
1000000000 1000000000 288 245 209 480 4.0 3089.5 1000000000 167.730407715
1000000000 1000000000 290 247 209 519 4.0 5902.5 1000000000 164.924880981
1000000000 1000000000 290 245 209 506 6.0 5222.5 1000000000 164.840240479
1000000000 1000000000 290 246 208 478 2.0 3151.5 1000000000 0.36774045229
1000000000 1000000000 289 246 211 496 2.0 2360.5 1000000000 56.4229621887
1000000000 1000000000 289 247 208 515 8.0 2078.5 1000000000 158.86656189
1000000000 1000000000 288 246 220 530 -1 1661.5 1000000000 24.3694858551
1000000000 1000000000 289 247 205 500 4.0 2086.5 1000000000 166.160614014
1000000000 1000000000 289 247 193 530 2.0 6298.0 1000000000 177.969055176
1000000000 1000000000 289 247 195 631 2.0 2781.0 1000000000 163.900527954
1000000000 1000000000 289 247 193 558 -1 6874.5 1000000000 164.413116455
