38 403 304 250 202 262 11356.5 4023.0 159.805709839 90.7889938354
1000000000 1000000000 300 250 220 658 2.0 10241.0 1000000000 171.426483154
1000000000 1000000000 301 249 212 626 4.0 13660.0 1000000000 169.533248901
1000000000 1000000000 301 250 213 623 6.0 13624.5 1000000000 163.713134766
1000000000 1000000000 299 249 214 614 0.0 14491.5 1000000000 161.18309021
1000000000 1000000000 300 249 216 593 2.0 13809.0 1000000000 167.557266235
1000000000 1000000000 299 250 220 581 6.0 11308.5 1000000000 169.70401001
1000000000 1000000000 300 250 221 575 7.0 10588.0 1000000000 161.335372925
1000000000 1000000000 300 250 220 557 129.0 8891.0 1000000000 166.477233887
1000000000 1000000000 299 249 223 552 20.0 8220.5 1000000000 172.231964111
1000000000 1000000000 298 249 227 567 24.0 8074.5 1000000000 161.713409424
1000000000 1000000000 298 249 242 570 8.0 2822.0 1000000000 171.483398438
1000000000 1000000000 301 248 232 556 2.0 3821.5 1000000000 168.893295288
1000000000 1000000000 300 249 218 566 -1 7853.0 1000000000 160.530227661
1000000000 1000000000 301 248 230 549 8.0 2675.0 1000000000 168.914474487
1000000000 1000000000 302 249 219 540 7.0 4057.0 1000000000 164.505004883
1000000000 1000000000 301 248 228 548 2.0 2419.5 1000000000 160.502426147
1000000000 1000000000 300 250 195 519 2.0 1167.0 1000000000 126.485717773
1000000000 1000000000 299 251 219 551 22.5 4387.0 1000000000 167.205047607
1000000000 1000000000 299 250 227 573 27.0 6154.0 1000000000 170.124191284
1000000000 1000000000 299 250 225 537 8.0 4882.0 1000000000 160.188919067
1000000000 1000000000 298 250 196 490 12.0 1370.5 1000000000 9.40794944763
1000000000 1000000000 299 248 218 578 2.0 2456.0 1000000000 158.499267578
1000000000 1000000000 299 249 221 499 -1 3121.5 1000000000 176.2059021
1000000000 1000000000 301 249 212 531 6.0 6097.0 1000000000 171.84777832
