43 224 296 193 0 0 33875.0 327.5
293 206 283 195 0 0 566.5 70.0
281 216 272 198 0 0 1464.5 84.0
279 219 0 0 0 0 1946.5 41.0
236 143 0 0 0 0 1212.5 73.0
283 220 0 0 0 0 520.5 9.0
82 470 0 0 0 0 849.0 23.5
130 437 0 0 0 0 22099.5 36.0
142 397 0 0 0 0 35240.5 376.0
142 392 0 0 0 0 35470.5 339.5
114 408 0 0 0 0 33460.0 8.5
92 436 0 0 0 0 15997.5 -1
86 443 0 0 0 0 12028.0 -1
91 449 0 0 0 0 10059.5 -1
96 448 268 195 0 0 10839.0 -1
98 445 270 193 0 0 12773.0 -1
99 442 275 191 0 0 13507.5 -1
98 441 275 192 0 0 13407.0 -1
99 440 278 192 0 0 12454.5 -1
113 440 286 186 0 0 14476.0 -1
155 428 286 189 24 653 28594.5 1424.5
251 375 284 188 42 636 11319.5 4578.0
68 431 281 189 113 595 8304.5 8427.0
69 430 282 190 169 531 10052.5 17972.0
82 417 286 191 211 492 6401.0 24418.5
82 414 287 192 233 482 5738.5 28324.0
41 429 291 191 264 527 4309.5 23551.5
42 438 295 191 284 603 5654.5 9371.5
44 438 297 191 288 627 5152.5 5044.5
112 410 299 191 288 624 2188.5 5342.0
