47 226 0 0 11 307 39292.5 909.0
289 200 280 198 0 0 502.0 48.0
260 205 270 194 0 0 816.5 199.5
241 135 269 195 0 0 780.5 213.0
240 134 0 0 0 0 896.5 78.0
239 135 0 0 0 0 862.0 134.5
270 453 0 0 38 462 5087.0 2584.0
157 409 0 0 31 456 29118.0 3007.0
157 374 0 0 21 461 33092.0 1476.5
151 375 0 0 15 467 32987.5 660.0
119 404 0 0 0 0 32751.5 12.5
94 432 0 0 0 0 18805.0 44.0
76 445 0 0 0 0 10427.5 67.0
72 447 269 192 0 0 9041.5 109.0
69 448 0 0 0 0 8368.5 104.5
69 447 268 193 0 0 8392.5 15.5
75 447 272 193 0 0 9310.5 -1
81 447 275 191 0 0 10167.5 1.0
106 444 281 192 0 0 14631.5 -1
140 427 288 193 15 662 28694.0 558.0
152 406 292 193 26 650 33047.0 2299.0
55 432 295 192 60 614 9035.0 7745.0
55 431 298 191 107 578 9256.0 10087.0
55 431 0 0 155 341 9389.5 17231.0
56 431 306 192 182 510 9390.0 21453.5
56 432 305 192 244 517 9043.0 30817.0
57 433 311 195 275 591 7860.5 14763.0
57 433 311 195 282 618 7401.0 8224.5
58 433 313 194 291 640 6369.5 3610.5
72 417 312 192 290 637 3315.0 3877.0
