46 227 316 181 13 486 38577.5 1470.5
0 0 326 191 12 520 443.5 585.5
278 454 0 0 142 440 4087.5 6197.0
273 440 0 0 153 410 7056.5 11007.0
266 425 324 191 121 543 8460.5 27286.0
267 428 0 0 127 329 8596.0 32202.5
271 430 0 0 127 327 8184.0 32997.5
280 440 324 186 130 521 6040.5 35819.5
291 456 324 188 152 556 2496.5 38451.5
300 461 323 189 163 580 1260.0 38601.0
305 468 321 191 175 602 523.0 33099.5
305 468 321 191 176 606 513.0 32435.0
303 467 319 191 175 606 641.5 32558.0
300 464 316 191 169 602 1031.0 33344.5
286 456 314 193 154 593 2575.5 35372.5
256 428 0 0 142 365 8759.0 31707.5
217 409 309 191 191 550 10481.0 19385.5
173 258 307 191 177 535 3506.0 18012.5
77 203 304 193 167 527 1868.5 18153.5
24 266 304 195 164 522 4079.0 17775.0
15 273 303 195 167 521 2190.5 18176.5
33 454 305 197 183 537 2688.0 20277.5
33 471 300 195 204 575 948.5 21528.0
0 0 298 196 224 607 352.0 18113.5
280 319 300 196 244 606 933.0 15487.5
280 315 294 195 241 594 901.5 16636.0
278 317 293 194 245 596 898.5 15747.0
0 0 290 193 249 604 463.0 15691.0
279 322 0 0 251 418 828.5 14634.5
280 320 295 194 251 613 749.0 14167.5
