42 224 297 186 0 0 31760.0 487.0
288 328 325 187 0 0 854.0 2.0
285 320 0 0 0 0 1098.5 -1
286 320 0 0 0 0 1526.5 21.5
287 318 0 0 0 0 1452.5 18.0
291 311 0 0 145 470 733.5 511.5
259 436 0 0 143 399 8067.0 20609.0
229 417 0 0 201 318 11492.5 24793.0
223 417 0 0 203 303 12744.0 26858.5
226 417 0 0 209 286 15268.5 30084.5
237 420 0 0 212 294 15580.0 26781.0
243 424 0 0 214 289 14912.0 25658.5
259 430 0 0 181 263 12202.5 49456.5
272 439 0 0 185 288 7795.5 53242.5
276 440 0 0 183 295 6745.0 52136.0
285 438 0 0 182 296 5689.5 51459.5
288 434 0 0 182 289 5579.0 49768.0
291 430 329 175 177 443 4898.5 43548.5
285 436 330 176 189 432 668.0 38053.5
0 0 323 173 253 392 230.0 19854.5
0 0 321 175 253 391 159.5 19269.5
0 0 0 0 252 210 305.0 17681.0
292 448 317 175 231 386 1632.0 20692.0
239 415 313 176 242 372 12769.5 22533.5
213 410 311 178 252 371 14379.5 18376.5
178 370 0 0 259 184 19636.5 15711.5
127 372 0 0 256 165 17091.5 13781.0
115 310 299 180 249 335 16384.5 12702.5
92 140 299 185 251 349 9489.0 14230.5
82 222 299 185 253 357 4920.5 15001.5
