31 90 298 184 0 0 10192.5 376.5
275 455 0 0 33 465 4039.5 1741.5
175 425 0 0 48 452 19846.5 5489.5
233 305 0 0 60 432 16392.5 9537.5
222 264 0 0 62 430 20853.5 11522.5
159 260 270 177 62 611 38276.5 11238.0
182 285 0 0 58 444 29068.5 7847.5
145 324 277 178 33 629 35411.0 3784.0
142 353 278 179 34 635 35392.0 3068.0
139 382 277 182 32 643 33268.5 2249.0
142 379 282 185 30 643 32482.5 2470.0
147 354 287 182 32 616 32543.5 1606.5
152 328 294 178 29 620 30368.5 4127.5
213 270 304 175 75 597 17161.0 12584.5
46 283 0 0 103 387 4851.5 16321.0
42 284 0 0 152 375 4315.0 17192.0
35 364 324 177 171 542 3617.0 18576.0
38 344 324 177 205 497 7480.5 22693.5
40 353 324 177 257 484 8464.0 30006.5
39 358 0 0 279 382 8312.0 15245.5
35 395 318 183 283 589 4161.0 10637.0
35 396 322 183 282 597 4077.0 9571.5
35 397 323 183 282 590 3581.0 10695.0
33 397 323 181 282 584 3350.0 11173.0
32 405 323 182 282 585 2610.5 10980.5
28 408 323 184 285 587 2236.0 10179.0
31 408 316 184 287 592 2603.5 9066.0
30 409 319 184 288 598 2214.5 7656.0
26 421 319 184 296 594 1050.0 5452.5
26 421 319 185 296 553 701.0 2144.0
