47 234 0 0 10 316 37905.5 807.5
223 456 297 184 0 0 6518.5 2.0
225 428 296 182 0 0 11992.5 6.0
210 396 297 184 0 0 13857.0 5.0
227 357 297 181 0 0 18835.5 4.0
238 352 296 181 0 0 20025.0 24.5
249 334 295 178 0 0 15964.5 17.5
255 325 297 176 0 0 14734.5 126.0
260 298 302 179 0 0 7965.0 77.0
262 295 0 0 0 0 6355.0 64.5
214 362 0 0 0 0 15144.0 48.0
190 372 304 181 0 0 15299.5 69.0
145 374 306 181 0 0 12282.5 66.5
117 372 308 182 0 0 10949.5 34.5
64 343 306 183 0 0 6754.0 2.0
34 332 311 183 0 0 4923.5 3.0
37 437 309 184 0 0 4561.5 -1
23 360 0 0 0 0 10155.5 2.0
23 427 306 183 0 0 4900.0 0.0
23 444 308 185 0 0 3332.5 -1
24 452 0 0 0 0 2646.5 -1
25 456 309 181 0 0 2338.0 5.0
25 456 0 0 0 0 2344.5 2.0
19 458 311 182 0 0 1399.5 -1
21 462 311 183 0 0 722.0 -1
237 463 302 181 0 0 3713.5 -1
230 412 0 0 0 0 11642.5 -1
223 403 300 179 0 0 11045.5 1.0
240 351 298 181 0 0 14300.0 -1
250 341 297 176 0 0 15277.0 2.0
