42 223 301 178 0 0 32691.5 334.0
0 0 0 0 89 449 457.5 10259.5
297 310 316 179 102 566 2182.0 17881.5
307 286 317 181 106 549 1382.5 20728.0
0 0 318 179 112 536 407.5 22436.0
0 0 319 177 113 532 303.0 22241.5
0 0 319 177 108 522 262.0 18999.0
0 0 318 177 117 518 99.0 18319.5
0 0 318 176 148 526 65.5 23605.5
0 0 317 175 169 523 53.5 21562.5
0 0 316 176 213 511 63.5 24668.5
0 0 315 176 243 491 89.5 26073.0
0 0 312 176 254 485 120.0 24909.0
0 0 310 176 264 476 188.5 21914.0
0 0 310 175 279 595 304.5 9274.5
0 0 309 176 281 602 286.0 7781.5
0 0 310 176 283 594 356.5 8136.0
0 0 310 176 278 599 386.5 7146.0
0 0 312 177 280 598 135.0 5085.0
0 0 310 177 236 641 121.5 1057.5
0 0 311 178 234 643 61.0 990.0
0 0 312 179 307 505 33.5 962.0
0 0 314 181 305 510 33.5 1193.0
0 0 315 178 304 495 24.0 1639.5
0 0 313 179 294 519 13.5 3802.5
0 0 310 180 299 539 12.5 7092.0
0 0 311 181 290 535 11.5 12087.0
0 0 310 180 285 540 6.0 12702.5
0 0 309 181 270 601 20.0 8609.5
0 0 306 178 114 630 39.0 9112.5
