41 221 305 185 14 490 31281.0 831.5
0 0 299 184 136 652 16.5 1602.0
302 392 0 0 89 421 1395.0 14833.5
297 307 305 183 89 571 2182.5 17637.0
308 281 306 182 93 537 805.0 20260.5
0 0 307 182 80 513 391.0 17425.5
310 276 303 182 64 482 524.0 10333.0
0 0 302 182 89 506 419.5 16626.5
0 0 302 183 107 520 161.0 14164.5
0 0 301 181 147 531 84.0 20989.0
0 0 0 0 197 348 38.5 19838.0
0 0 300 182 215 523 18.5 21212.5
0 0 0 0 243 330 36.0 23756.5
0 0 293 180 258 500 98.0 21515.5
0 0 293 181 246 410 81.5 8447.5
0 0 296 182 257 397 31.0 7045.0
0 0 293 181 281 626 55.0 5228.5
0 0 297 183 307 595 23.0 2251.0
0 0 297 183 260 645 22.5 1187.0
0 0 297 182 263 647 13.0 717.5
0 0 297 183 298 592 9.0 5071.0
0 0 296 183 296 572 8.5 7743.0
0 0 296 184 288 591 2.0 6478.0
0 0 298 184 297 635 2.0 2298.0
233 418 298 181 0 0 13667.0 206.5
217 399 298 183 0 0 13435.0 451.5
224 352 0 0 0 0 19325.0 65.0
228 348 0 0 0 0 20478.0 4.0
229 349 0 0 0 0 20604.0 21.0
226 348 301 177 0 0 21636.0 0.0
