41 221 309 185 12 494 32807.0 734.5
243 449 298 185 0 0 5197.5 42.5
228 402 296 188 0 0 12424.5 86.5
237 363 297 187 0 0 17111.0 45.5
233 354 0 0 0 0 19422.0 59.5
190 348 0 0 0 0 20474.5 116.5
145 330 304 178 0 0 17566.0 35.5
95 169 0 0 0 0 4773.0 33.5
19 94 0 0 0 0 4321.5 47.5
20 386 308 177 0 0 2449.5 47.0
21 378 310 177 0 0 2450.0 12.0
19 403 312 179 0 0 2910.5 -1
14 452 0 0 0 0 1463.5 -1
7 460 0 0 0 0 520.0 -1
214 471 306 181 0 0 1119.5 12.0
229 419 309 183 0 0 13042.0 2.0
229 364 310 182 0 0 17756.0 1.0
229 357 0 0 0 0 19369.5 7.5
215 352 315 175 0 0 20743.5 122.5
156 335 319 172 0 0 20757.0 37.0
103 324 320 173 0 0 15651.5 114.5
22 385 323 173 0 0 6053.5 48.0
23 438 324 177 0 0 2875.0 32.5
22 433 323 178 0 0 2665.0 8.5
19 434 326 177 0 0 2295.5 -1
19 452 321 180 0 0 2033.5 -1
10 459 318 180 0 0 688.0 13.5
15 466 0 0 0 0 726.5 2.0
247 459 0 0 0 0 3758.5 -1
245 423 309 184 0 0 9902.5 -1
