48 225 305 184 12 494 38864.0 760.0
289 415 305 183 50 624 5163.0 7997.5
290 373 305 183 56 597 3116.0 12792.0
300 281 300 182 63 554 3625.0 17911.5
303 289 303 183 62 543 2710.0 16785.0
300 287 406 305 46 606 2980.0 5700.5
299 278 296 175 87 539 2581.5 7096.5
304 276 293 176 92 513 2016.0 9271.0
0 0 290 176 140 521 235.0 22144.0
0 0 289 179 218 497 207.5 27787.5
0 0 291 177 274 478 96.5 32421.0
0 0 292 177 266 555 48.5 20887.0
0 0 294 174 256 598 83.0 14221.0
0 0 294 176 261 613 24.0 9891.0
0 0 292 174 280 611 16.5 5823.0
0 0 293 178 295 617 18.5 3095.5
0 0 289 180 273 524 36.0 22900.0
0 0 0 0 244 465 103.0 725.0
300 415 304 184 53 623 2222.0 8289.0
306 301 312 186 65 567 1367.5 14978.0
309 288 314 189 70 556 1359.5 16480.0
308 285 315 186 87 551 1012.5 19052.5
310 266 315 185 109 549 988.0 16293.0
0 0 311 184 194 540 213.0 18715.0
0 0 309 180 271 490 55.5 22473.0
0 0 307 183 292 499 19.5 15412.0
0 0 305 181 279 616 10.5 6558.0
0 0 305 184 282 617 8.0 5957.0
0 0 304 181 282 625 6.0 4963.5
0 0 304 181 283 631 7.0 3845.5
