47 160 304 187 0 0 28274.5 289.0
62 121 298 185 10 485 27450.0 708.0
273 471 298 187 165 653 1180.0 4790.5
266 462 298 184 149 634 3477.0 13345.5
259 458 299 181 139 624 5035.0 16421.0
197 455 302 176 116 609 10802.0 18431.5
203 454 301 175 102 606 11323.5 16811.0
204 454 303 179 101 613 10864.5 15546.0
206 456 303 178 105 614 10099.0 14833.5
215 460 300 182 120 628 6779.5 8730.5
249 462 300 181 116 635 4183.5 5801.0
252 463 301 183 114 639 3721.5 4972.0
251 464 299 187 114 643 3449.5 4493.5
249 464 301 185 141 631 3276.0 2567.0
252 467 300 184 139 619 2440.5 1649.0
297 471 297 182 133 616 503.0 1360.5
0 0 297 182 126 617 334.5 1254.0
0 0 297 181 124 609 194.5 686.0
139 466 297 184 123 606 795.5 528.0
126 468 298 187 120 610 647.5 619.5
125 467 298 187 118 610 711.5 798.0
220 469 298 186 127 614 755.5 1097.5
220 469 301 184 133 615 712.0 963.5
221 469 299 183 132 613 668.5 922.0
222 469 299 184 0 0 522.5 321.5
219 470 301 185 0 0 664.0 290.0
231 473 299 186 108 648 637.5 2332.5
273 329 299 183 159 655 677.5 536.0
271 326 301 182 0 0 1113.0 59.5
272 331 303 176 0 0 2012.5 337.5
