40 371 310 176 0 0 11407.5 413.0
0 0 305 176 227 645 262.0 582.0
303 330 308 178 207 641 732.0 2712.5
171 454 310 179 141 622 11581.0 16544.0
180 438 309 175 114 590 21624.5 24003.0
187 431 311 174 104 582 24730.0 25348.0
191 416 310 174 105 557 26903.5 21622.5
199 414 417 287 106 664 24068.0 21146.5
215 412 416 290 107 666 18615.0 18644.5
241 404 307 182 95 574 11129.0 8607.5
260 384 304 182 107 575 5904.5 10021.0
237 424 304 182 114 584 13809.0 14391.5
223 431 304 182 117 595 15327.0 17641.0
212 445 305 179 135 615 10399.0 19500.0
268 466 302 175 193 637 1424.5 4374.0
295 321 298 181 0 0 867.0 45.5
295 323 301 182 0 0 871.5 34.0
296 325 304 185 0 0 759.0 25.5
296 325 303 184 0 0 685.5 45.0
0 0 309 182 213 647 215.0 1883.0
207 451 313 182 133 626 9901.5 16273.0
224 440 312 176 121 602 13823.5 21827.0
208 410 311 170 121 566 18894.0 13182.0
178 407 305 172 121 543 28191.5 23299.0
182 409 310 174 124 555 28403.5 15485.0
204 384 309 175 137 568 12029.5 11013.5
213 385 309 177 140 569 9639.0 10175.0
219 385 310 177 142 568 8507.5 9411.5
219 385 310 178 149 567 7639.0 8568.0
223 385 308 178 153 566 6761.5 8037.0
