40 375 304 182 8 489 10227.0 650.0
258 468 306 186 216 654 1736.0 1225.0
258 460 307 188 136 638 4498.5 12306.0
188 454 306 185 125 624 11900.5 17035.5
204 442 309 177 103 601 17116.5 20474.5
202 440 305 178 111 595 18526.0 22856.5
198 439 306 176 121 593 16663.5 22085.5
217 434 301 175 115 604 11343.0 20022.0
259 430 298 178 115 611 6941.0 17430.0
236 438 299 182 122 627 3485.0 10734.0
236 436 299 182 129 629 2832.0 7461.5
279 444 303 182 125 639 1470.5 3544.5
149 424 304 180 154 642 1260.5 801.5
165 420 306 180 0 0 1025.0 365.5
163 419 304 181 0 0 948.0 304.5
163 417 305 182 0 0 1084.5 382.5
143 420 309 184 0 0 1338.0 234.0
155 415 309 183 0 0 1056.5 116.0
142 414 0 0 0 0 762.0 22.5
145 414 305 182 0 0 616.0 12.0
137 413 305 182 0 0 509.5 47.5
0 0 306 182 186 565 252.5 571.5
230 421 309 182 203 590 545.0 2182.0
248 431 309 182 212 600 3058.0 3349.0
264 448 308 183 229 615 4508.0 5470.5
276 466 307 181 225 628 2090.5 4922.0
0 0 306 182 227 643 5.5 2688.0
296 335 0 0 0 0 591.0 17.0
291 330 302 185 0 0 1188.5 46.0
289 329 303 186 0 0 1280.0 28.0
