50 217 310 189 12 501 40705.5 1263.5
0 0 301 186 262 655 78.0 587.0
286 328 300 184 182 639 749.0 12781.0
278 453 303 184 178 621 3953.5 21104.5
156 433 302 178 169 558 25323.0 24053.0
171 396 301 173 112 543 34404.0 30251.0
177 376 302 172 87 483 30560.5 15913.5
186 376 301 173 73 487 28463.5 13899.0
190 392 301 174 73 509 28194.5 13506.0
172 406 297 173 92 541 28524.5 17701.5
169 410 298 174 100 547 28681.0 18636.0
165 413 295 177 112 562 27193.0 19185.5
170 416 292 180 114 580 25991.5 18710.0
173 420 293 180 115 583 25654.5 17997.0
175 424 292 181 117 584 22160.0 17109.0
210 427 292 180 119 584 14593.5 16056.0
252 412 295 180 130 593 8903.5 11118.5
257 412 296 178 194 605 8744.5 2613.0
259 413 297 180 206 615 7582.0 1711.5
262 419 297 179 169 619 6511.0 3935.0
259 410 298 182 127 615 4348.0 7834.5
264 399 300 182 124 616 2658.5 8645.5
258 452 299 182 124 615 1940.0 8820.5
254 417 300 182 121 615 3400.5 8562.0
260 404 298 183 118 618 2609.0 7791.0
259 403 299 183 112 623 2132.0 6131.0
269 402 299 184 108 626 1398.0 4651.5
276 407 299 184 52 620 505.5 1535.0
0 0 299 184 41 616 436.0 1079.0
246 407 298 184 0 0 1172.5 349.0
