38 386 304 177 0 0 12554.5 306.0
277 301 301 175 0 0 1209.5 26.0
50 123 300 176 12 475 14371.5 614.5
56 103 299 176 0 0 11274.5 280.5
304 318 299 177 0 0 522.0 250.5
288 468 304 173 228 641 1074.0 956.0
264 449 304 175 137 634 5980.5 9301.0
250 427 306 177 152 616 7897.0 17549.0
164 430 308 176 154 592 20593.0 22736.5
169 420 310 173 136 554 26484.0 20933.5
189 410 311 174 118 532 30489.5 20197.5
202 392 314 171 84 495 29059.5 14211.0
205 405 315 171 84 537 26694.0 20830.5
205 430 315 176 103 571 21962.5 20604.0
204 437 311 176 110 588 18776.5 20262.5
208 441 310 177 108 607 16162.0 18082.5
208 440 310 181 110 608 16952.0 18365.0
208 438 309 177 110 599 17855.5 18458.5
206 437 308 177 111 593 17622.0 18244.5
239 430 308 175 117 593 11580.0 17091.0
252 426 309 175 119 596 6969.0 14768.5
274 430 311 177 111 624 3305.0 6589.5
282 435 309 177 108 624 2027.5 4934.0
288 431 312 178 108 626 1058.5 2665.0
273 425 309 178 161 633 697.0 607.0
269 423 311 177 0 0 965.5 426.5
161 398 311 177 0 0 558.0 219.0
289 424 310 178 124 613 1322.5 4721.0
96 425 310 178 101 604 3118.5 9441.0
81 430 310 178 115 591 4315.5 20378.5
