46 229 314 181 9 484 37998.5 673.0
300 345 308 177 0 0 747.5 321.5
300 345 308 178 65 640 851.0 2499.5
300 346 314 176 73 578 1081.5 11194.0
295 346 424 311 108 685 1475.5 15723.5
294 345 316 173 124 560 1697.5 15389.5
287 349 317 166 122 546 1873.0 18671.5
286 352 321 160 92 535 2689.0 19505.5
286 354 327 159 75 538 2716.5 17795.5
285 357 339 157 50 536 3052.0 16467.5
286 363 348 157 47 521 3039.5 17959.0
289 367 349 158 48 527 2805.0 17551.0
292 297 353 168 54 509 2583.0 21800.0
291 299 353 167 55 528 2546.5 19064.0
303 296 354 169 56 540 1398.0 17534.5
305 298 356 166 56 538 1425.0 12218.5
306 303 357 167 66 517 1236.5 4739.5
305 302 354 168 27 571 622.5 2625.5
0 0 0 0 26 398 175.0 1408.0
0 0 0 0 41 314 139.0 810.0
0 0 353 170 41 484 146.0 661.0
0 0 0 0 40 312 180.0 596.5
0 0 350 162 56 497 333.5 1149.5
0 0 349 162 75 520 356.0 4937.0
0 0 345 161 82 526 377.0 6512.5
261 277 336 158 105 537 522.5 10009.0
302 361 323 161 100 551 612.5 14562.5
295 358 312 164 112 568 722.0 4937.0
293 358 308 166 76 598 707.5 3698.5
291 357 301 167 42 555 809.0 2368.5
