50 230 315 180 12 488 42355.0 1334.0
224 396 316 165 0 0 14414.0 285.0
214 355 316 160 0 0 17083.0 144.5
186 330 318 158 0 0 20897.5 6.0
182 346 318 154 0 0 22114.5 21.5
205 360 0 0 0 0 21203.5 112.5
219 363 0 0 0 0 21003.0 413.5
237 364 0 0 9 349 19982.0 707.0
244 350 0 0 9 350 22231.0 701.0
249 361 0 0 9 354 18929.5 860.0
249 345 0 0 9 351 21473.0 655.0
253 328 0 0 8 347 19509.5 526.5
255 310 0 0 0 0 16778.0 354.5
211 218 0 0 0 0 5060.5 256.0
209 219 0 0 0 0 4782.0 359.0
206 216 0 0 0 0 4453.5 423.0
209 214 0 0 0 0 3889.5 424.0
211 210 0 0 0 0 3188.0 366.5
195 119 0 0 0 0 944.0 157.0
195 214 0 0 0 0 1006.5 35.0
195 212 0 0 0 0 1365.5 14.0
194 211 0 0 0 0 808.5 17.0
240 338 0 0 0 0 1768.0 12.5
227 351 0 0 0 0 4368.5 10.0
217 357 0 0 0 0 6499.5 47.0
212 359 0 0 0 0 7500.0 35.0
204 328 286 162 0 0 12083.0 110.0
203 378 293 161 0 0 15556.0 239.0
195 369 297 166 0 0 11321.0 269.0
186 343 302 166 0 0 10359.0 294.5
