49 224 314 186 13 493 41432.0 920.5
209 442 311 171 0 0 13155.5 9.0
187 352 311 168 0 0 18164.5 15.0
181 331 311 163 0 0 19494.5 3.0
164 332 317 159 0 0 20707.5 22.5
167 356 0 0 0 0 22103.0 21.5
172 375 0 0 0 0 20855.0 34.5
198 366 0 0 0 0 22450.5 213.0
220 366 327 155 9 495 22010.5 721.5
236 358 325 156 10 500 21099.0 957.5
242 360 321 158 10 507 19981.5 1132.5
249 359 0 0 10 353 20031.0 1223.5
251 353 0 0 10 352 20330.0 1436.5
254 347 0 0 9 354 18820.0 1451.5
265 386 0 0 13 365 12936.5 675.0
267 420 382 312 14 682 6509.0 588.0
220 218 0 0 0 0 3275.5 324.0
220 222 0 0 0 0 3119.5 436.0
227 219 0 0 0 0 1966.0 177.0
200 114 0 0 0 0 1542.0 313.0
194 123 0 0 0 0 559.0 151.5
257 331 0 0 0 0 986.0 115.5
272 390 394 311 0 0 3804.0 106.5
231 357 0 0 0 0 7951.0 138.5
225 383 0 0 0 0 14996.0 443.5
215 380 0 0 12 357 16450.0 910.0
209 369 0 0 12 355 16978.5 857.0
212 392 0 0 14 349 12769.5 875.0
219 323 0 0 17 346 6110.5 737.5
222 381 315 171 17 515 4697.0 617.5
