52 236 315 196 12 509 44145.5 1266.0
0 0 0 0 100 454 297.0 4538.5
0 0 304 180 104 607 260.5 9109.5
0 0 0 0 131 382 330.0 16148.5
0 0 312 171 146 557 215.5 17747.5
0 0 312 165 137 546 472.0 19468.5
278 291 0 0 109 383 1108.5 19646.0
286 295 328 158 74 542 2354.0 18282.5
291 296 331 157 60 543 3053.0 16894.5
295 296 0 0 43 392 3257.5 14320.5
297 298 0 0 38 374 3255.0 15317.0
298 295 347 165 43 522 3365.5 17743.0
301 290 0 0 45 327 2815.0 22259.5
289 364 0 0 50 331 2651.5 20524.0
290 362 0 0 55 328 2523.0 17639.0
289 362 0 0 67 227 2369.5 6316.5
281 343 0 0 65 373 1297.0 3132.0
278 340 0 0 94 226 1061.5 2076.5
277 341 0 0 40 200 975.5 935.0
290 283 0 0 0 0 521.5 403.5
0 0 0 0 34 320 375.0 627.5
0 0 0 0 35 321 467.0 998.5
289 290 0 0 33 321 660.5 635.0
308 277 343 165 38 475 597.0 1450.5
309 348 338 161 58 503 793.0 4669.5
308 351 334 162 65 515 653.0 5755.0
309 291 418 301 84 680 606.0 7496.5
0 0 311 164 90 557 499.0 5397.5
0 0 302 166 55 606 482.5 2196.5
0 0 299 166 36 584 406.0 2211.5
