47 231 316 178 11 490 39522.0 1035.0
291 340 309 171 0 0 1041.0 29.0
289 338 306 170 86 592 1479.5 9726.5
282 341 306 166 112 551 2435.0 14282.0
283 342 304 162 128 557 1808.0 14937.5
271 347 306 155 129 544 1105.0 19203.5
282 352 0 0 102 391 1641.5 19316.0
290 360 0 0 82 389 1682.5 18579.5
283 360 0 0 53 403 2318.5 13859.5
282 368 0 0 38 395 3000.5 12240.5
290 342 0 0 35 400 6230.0 10992.5
280 371 0 0 35 413 3666.5 9523.5
288 341 333 159 40 536 5984.0 10556.5
277 363 0 0 44 414 2849.5 7182.0
269 351 335 159 68 408 1067.5 2077.5
279 396 0 0 45 367 503.5 1205.5
290 283 0 0 26 321 614.0 1855.0
303 301 325 156 52 508 1180.5 5567.5
304 351 323 153 69 525 980.0 7911.0
305 349 322 153 75 529 908.5 9017.5
268 352 314 157 74 556 1063.5 10489.5
242 316 307 162 51 588 824.5 3636.5
243 318 299 166 59 514 778.0 3530.5
251 299 296 164 40 597 1278.5 1780.0
240 198 293 167 7 472 547.0 822.5
0 0 293 169 8 474 454.0 852.0
0 0 295 169 9 479 477.5 783.5
0 0 296 172 10 479 396.0 894.5
0 0 300 167 9 475 423.5 729.5
0 0 301 170 14 477 485.0 772.5
