47 420 0 0 255 39 7018.0 5286.5
241 305 331 317 0 0 504.0 473.0
242 303 0 0 30 322 554.0 562.5
241 300 0 0 0 0 517.5 474.5
29 440 0 0 0 0 2833.5 341.0
27 382 0 0 0 0 7173.5 312.5
38 347 0 0 0 0 12512.0 373.5
42 333 0 0 0 0 14335.5 433.5
54 305 0 0 0 0 19485.0 362.5
55 294 0 0 0 0 18364.0 386.0
63 299 0 0 0 0 21282.5 226.0
85 294 0 0 0 0 15433.0 305.0
98 306 0 0 23 311 16542.0 857.5
113 303 0 0 0 0 15558.0 499.5
111 288 0 0 0 0 17202.5 370.5
108 281 331 309 0 0 16778.0 393.0
111 286 0 0 25 309 16374.5 1359.5
130 312 0 0 28 308 16026.0 1692.5
142 309 0 0 30 311 15374.5 1277.0
135 285 0 0 29 311 14245.0 1031.5
126 275 0 0 39 309 15133.5 696.5
144 290 0 0 24 304 13878.0 1172.5
158 292 0 0 33 298 14016.5 744.0
161 292 0 0 34 300 14343.0 774.0
150 270 0 0 28 304 15203.0 1117.0
158 278 349 299 27 600 13954.5 1328.5
168 277 0 0 29 300 11993.5 1333.0
171 296 353 297 29 596 12571.5 1057.5
164 266 347 299 35 596 10608.0 704.5
167 269 351 298 36 593 10161.5 780.5
