51 417 328 330 254 368 9453.0 5231.0
0 0 323 327 211 787 24.0 3563.0
0 0 330 327 252 718 8.0 12708.0
0 0 0 0 259 342 9.5 10474.5
0 0 333 327 296 614 73.5 5338.0
0 0 334 326 304 590 128.5 2038.0
0 0 333 325 310 578 83.5 1007.0
0 0 333 325 307 542 2.0 1416.5
0 0 331 325 294 445 7.5 1293.0
0 0 0 0 291 117 6.0 1395.5
0 0 327 326 295 556 6.0 3229.5
0 0 326 327 293 555 8.0 3591.0
0 0 330 324 293 505 4.0 1787.5
0 0 0 0 292 157 6.0 3715.0
0 0 332 327 295 477 2.0 3417.5
0 0 332 325 287 552 2.0 4601.5
0 0 0 0 289 161 4.0 5363.5
0 0 332 324 282 496 2.0 5881.0
0 0 331 323 279 489 4.0 6333.0
0 0 332 324 278 485 9.0 6718.5
0 0 333 324 269 507 7.0 6991.5
0 0 333 324 262 516 14.5 7087.0
0 0 335 324 270 508 10.0 6728.0
0 0 332 325 270 511 7.0 7281.0
0 0 333 322 268 522 4.0 6459.5
0 0 334 323 266 515 4.0 7541.5
0 0 334 322 269 511 8.0 7763.0
0 0 336 325 269 520 9.0 6164.5
0 0 333 325 268 515 9.5 6445.0
0 0 335 324 269 500 27.5 7423.0
