43 415 330 324 254 362 7798.0 5215.5
9 393 331 326 0 0 1078.0 11.0
19 389 330 325 0 0 2179.0 8.0
29 345 329 323 0 0 8627.0 2.0
41 333 328 323 0 0 10604.0 5.0
62 312 329 324 0 0 11655.5 6.0
75 326 328 322 0 0 14533.0 4.0
81 320 329 324 0 0 15388.0 12.0
67 300 333 323 0 0 13199.0 16.0
69 291 330 323 0 0 11035.5 26.5
84 303 332 322 0 0 12687.0 13.0
70 299 330 320 0 0 11538.5 10.0
57 300 333 324 0 0 10968.0 5.0
57 301 333 323 0 0 9260.5 14.0
94 296 334 323 0 0 12411.0 16.0
97 297 332 324 0 0 11927.5 4.0
68 285 335 323 0 0 10887.0 2.0
78 280 333 322 0 0 9774.5 23.0
98 290 332 323 0 0 10790.0 14.5
100 291 333 322 0 0 10435.0 2.0
71 278 332 324 0 0 8929.0 2.0
101 277 332 322 0 0 6639.0 2.0
115 289 331 321 0 0 8694.5 2.0
107 274 330 324 0 0 4950.0 17.0
93 257 335 320 0 0 5160.5 10.0
121 232 332 324 0 0 2028.5 11.0
127 237 330 321 0 0 2806.0 16.0
73 247 330 323 0 0 3290.5 2.0
91 294 331 321 0 0 1711.0 4.0
130 225 332 321 0 0 1595.0 2.0
