46 420 0 0 227 379 9041.0 16674.0
0 0 319 321 275 667 47.0 868.0
0 0 0 0 257 328 2.0 1327.5
0 0 0 0 267 328 2.0 625.5
0 0 317 321 268 661 2.0 794.5
0 0 319 321 262 659 -1 1693.0
0 0 319 321 238 741 12.0 6510.5
0 0 319 321 235 737 7.0 8366.5
0 0 319 321 240 737 2.0 5250.0
0 0 318 321 272 650 2.0 2463.0
0 0 317 320 236 735 -1 5939.0
0 0 316 320 223 732 2.0 4826.0
0 0 0 0 249 427 25.0 1229.0
0 0 0 0 245 423 10.5 2245.5
0 0 0 0 227 402 -1 4227.5
0 0 0 0 231 404 -1 1893.0
0 0 0 0 251 420 4.0 1683.5
0 0 0 0 235 400 -1 4445.0
0 0 316 321 225 721 -1 1544.0
0 0 0 0 248 419 -1 1590.5
0 0 0 0 234 393 2.0 2841.0
0 0 319 321 234 710 -1 4056.5
0 0 319 321 264 638 -1 1442.5
0 0 0 0 269 317 -1 1572.5
0 0 317 320 236 708 -1 3324.5
0 0 0 0 269 317 -1 1450.0
0 0 0 0 270 317 -1 1567.0
0 0 318 321 272 639 -1 1791.0
0 0 317 320 238 710 -1 2444.0
0 0 318 321 274 637 4.0 1824.5
