50 423 0 0 255 38 8427.5 5273.5
284 237 327 317 26 640 1252.5 589.0
285 239 330 317 31 635 1529.0 587.5
287 238 0 0 27 319 1845.5 1226.0
288 238 0 0 38 319 1570.5 792.0
7 308 0 0 0 0 1064.0 297.0
20 292 330 318 0 0 3020.0 284.0
34 272 0 0 0 0 5975.5 251.5
44 279 0 0 0 0 11520.0 125.0
53 277 330 314 0 0 15203.5 139.5
59 261 0 0 0 0 12664.5 278.0
53 225 335 314 0 0 7923.0 240.0
62 266 0 0 0 0 12978.5 176.0
75 274 0 0 0 0 13481.0 151.5
68 296 338 308 0 0 9463.0 142.0
69 259 0 0 0 0 9288.5 64.0
73 252 0 0 0 0 10598.0 40.0
79 236 0 0 0 0 8274.0 43.0
75 251 0 0 0 0 7915.0 5.0
77 228 334 314 0 0 4940.0 9.0
65 264 0 0 0 0 3130.0 8.0
91 242 0 0 0 0 9318.0 5.5
91 236 335 314 0 0 6927.5 4.0
82 206 336 312 0 0 4438.0 5.5
84 182 0 0 0 0 2715.0 9.0
97 239 0 0 0 0 7321.5 36.0
101 276 0 0 0 0 3158.0 11.5
70 250 338 316 0 0 5919.0 5.5
99 235 0 0 0 0 6132.0 7.0
108 247 0 0 0 0 5456.5 11.0
